-1.34765625
-0.947265625
-0.849609375
-0.751953125
-0.654296875
-0.556640625
-0.46875
-0.361328125
-0.341796875
-0.25390625
-0.146484375
-0.048828125
0.029296875
0.13671875
0.244140625
0.341796875
0.439453125
0.537109375
0.634765625
0.732421875
0.8203125
0.91796875
1.015625
1.11328125
1.19140625
1.298828125
1.396484375
1.494140625
1.591796875
1.6796875
1.77734375
1.865234375
1.962890625
2.041015625
2.138671875
2.2265625
2.3046875
2.412109375
2.490234375
2.568359375
2.65625
2.744140625
2.763671875
2.841796875
2.9296875
3.0078125
3.0859375
3.1640625
3.2421875
3.3203125
3.3984375
3.4765625
3.544921875
3.61328125
3.69140625
3.75
3.828125
3.876953125
3.9453125
4.00390625
4.072265625
4.130859375
4.1796875
4.248046875
4.296875
4.35546875
4.365234375
4.4140625
4.462890625
4.51171875
4.55078125
4.609375
4.6484375
4.6875
4.7265625
4.755859375
4.794921875
4.833984375
4.86328125
4.892578125
4.921875
4.94140625
4.990234375
5.0
5.009765625
5.029296875
5.048828125
5.048828125
5.068359375
5.078125
5.087890625
5.09765625
5.107421875
5.1171875
5.1171875
5.1171875
5.126953125
5.1171875
5.107421875
5.09765625
5.087890625
5.078125
5.078125
5.05859375
5.0390625
5.01953125
4.990234375
4.98046875
4.9609375
4.931640625
4.912109375
4.8828125
4.853515625
4.814453125
4.8046875
4.775390625
4.736328125
4.697265625
4.66796875
4.619140625
4.580078125
4.53125
4.4921875
4.443359375
4.384765625
4.3359375
4.287109375
4.228515625
4.16015625
4.12109375
4.0625
3.994140625
3.935546875
3.8671875
3.80859375
3.740234375
3.671875
3.59375
3.525390625
3.447265625
3.37890625
3.30078125
3.28125
3.203125
3.125
3.046875
2.96875
2.890625
2.8125
2.724609375
2.63671875
2.548828125
2.4609375
2.373046875
2.28515625
2.197265625
2.109375
2.01171875
1.93359375
1.8359375
1.7578125
1.650390625
1.552734375
1.455078125
1.357421875
1.337890625
1.25
1.15234375
1.0546875
0.95703125
0.859375
0.76171875
0.6640625
0.56640625
0.46875
0.37109375
0.263671875
0.146484375
0.05859375
-0.0390625
-0.13671875
-0.244140625
-0.322265625
-0.4296875
-0.52734375
-0.625
-0.712890625
-0.810546875
-0.908203125
-1.005859375
-1.103515625
-1.201171875
-1.2890625
-1.38671875
-1.40625
-1.50390625
-1.6015625
-1.689453125
-1.787109375
-1.875
-1.962890625
-2.060546875
-2.138671875
-2.236328125
-2.32421875
-2.412109375
-2.48046875
-2.587890625
-2.666015625
-2.75390625
-2.83203125
-2.919921875
-2.998046875
-3.0859375
-3.154296875
-3.232421875
-3.310546875
-3.388671875
-3.447265625
-3.53515625
-3.603515625
-3.681640625
-3.75
-3.80859375
-3.818359375
-3.88671875
-3.955078125
-4.013671875
-4.08203125
-4.140625
-4.19921875
-4.2578125
-4.306640625
-4.365234375
-4.39453125
-4.462890625
-4.501953125
-4.560546875
-4.599609375
-4.638671875
-4.677734375
-4.7265625
-4.765625
-4.794921875
-4.833984375
-4.873046875
-4.892578125
-4.931640625
-4.9609375
-4.990234375
-5.009765625
-5.01953125
-5.0390625
-5.05859375
-5.068359375
-5.087890625
-5.09765625
-5.1171875
-5.1171875
-5.13671875
-5.13671875
-5.146484375
-5.146484375
-5.146484375
-5.146484375
-5.146484375
-5.13671875
-5.126953125
-5.1171875
-5.107421875
-5.126953125
-5.078125
-5.05859375
-5.048828125
-5.029296875
-5.009765625
-4.98046875
-4.98046875
-4.951171875
-4.921875
-4.892578125
-4.86328125
-4.82421875
-4.78515625
-4.755859375
-4.70703125
-4.66796875
-4.62890625
-4.580078125
-4.541015625
-4.521484375
-4.43359375
-4.384765625
-4.3359375
-4.27734375
-4.21875
-4.208984375
-4.150390625
-4.091796875
-4.033203125
-3.974609375
-3.90625
-3.837890625
-3.779296875
-3.7109375
-3.642578125
-3.57421875
-3.505859375
-3.447265625
-3.359375
-3.28125
-3.203125
-3.125
-3.046875
-2.96875
-2.880859375
-2.802734375
-2.724609375
-2.63671875
-2.548828125
-2.4609375
-2.373046875
-2.32421875
-2.197265625
-2.109375
-2.021484375
-1.923828125
-1.845703125
-1.748046875
-1.650390625
-1.630859375
-1.54296875
-1.4453125
-1.34765625
-1.259765625
-1.162109375
-1.0546875
-0.966796875
-0.83984375
-0.76171875
-0.6640625
-0.556640625
-0.458984375
-0.361328125
-0.263671875
-0.166015625
-0.068359375
0.01953125
0.078125
0.224609375
0.322265625
0.419921875
0.52734375
0.625
0.64453125
0.7421875
0.849609375
0.9375
1.03515625
1.1328125
1.23046875
1.328125
1.435546875
1.513671875
1.6015625
1.69921875
1.796875
1.884765625
1.982421875
2.0703125
2.158203125
2.24609375
2.353515625
2.431640625
2.51953125
2.607421875
2.626953125
2.71484375
2.802734375
2.880859375
2.96875
3.046875
3.125
3.203125
3.28125
3.359375
3.4375
3.505859375
3.583984375
3.65234375
3.720703125
3.7890625
3.84765625
3.8671875
3.935546875
3.994140625
4.0625
4.12109375
4.1796875
4.21875
4.287109375
4.3359375
4.404296875
4.43359375
4.4921875
4.53125
4.580078125
4.619140625
4.66796875
4.697265625
4.74609375
4.775390625
4.833984375
4.84375
4.873046875
4.912109375
4.931640625
4.9609375
4.98046875
4.990234375
5.009765625
5.029296875
5.0390625
5.05859375
5.068359375
5.078125
5.09765625
5.09765625
5.1171875
5.107421875
5.1171875
5.1171875
5.1171875
5.107421875
5.107421875
5.09765625
5.087890625
5.078125
5.068359375
5.0390625
5.029296875
5.009765625
5.0
4.970703125
4.951171875
4.921875
4.912109375
4.8828125
4.86328125
4.82421875
4.8046875
4.755859375
4.7265625
4.6875
4.6484375
4.599609375
4.541015625
4.51171875
4.462890625
4.4140625
4.375
4.306640625
4.2578125
4.208984375
4.150390625
4.08203125
4.0234375
3.96484375
3.90625
3.837890625
3.76953125
3.701171875
3.69140625
3.61328125
3.544921875
3.466796875
3.3984375
3.3203125
3.232421875
3.1640625
3.0859375
3.0078125
2.9296875
2.841796875
2.763671875
2.67578125
2.59765625
2.509765625
2.431640625
2.34375
2.265625
2.16796875
2.080078125
1.9921875
1.875
1.806640625
1.728515625
1.62109375
1.5234375
1.435546875
1.337890625
1.25
1.23046875
1.123046875
1.03515625
0.9375
0.83984375
0.7421875
0.654296875
0.556640625
0.458984375
0.3515625
0.263671875
0.166015625
0.05859375
-0.029296875
-0.126953125
-0.224609375
-0.322265625
-0.419921875
-0.498046875
-0.625
-0.712890625
-0.8203125
-0.91796875
-1.015625
-1.103515625
-1.2109375
-1.298828125
-1.396484375
-1.494140625
-1.58203125
-1.650390625
-1.767578125
-1.85546875
-1.953125
-2.041015625
-2.12890625
-2.216796875
-2.3046875
-2.392578125
-2.412109375
-2.5
-2.578125
-2.65625
-2.744140625
-2.890625
-2.91015625
-2.98828125
-3.076171875
-3.14453125
-3.22265625
-3.30078125
-3.37890625
-3.447265625
-3.515625
-3.59375
-3.662109375
-3.73046875
-3.798828125
-3.857421875
-3.92578125
-3.984375
-4.052734375
-4.111328125
-4.169921875
-4.228515625
-4.287109375
-4.3359375
-4.39453125
-4.443359375
-4.4921875
-4.541015625
-4.580078125
-4.62890625
-4.66796875
-4.70703125
-4.74609375
-4.765625
-4.794921875
-4.833984375
-4.86328125
-4.892578125
-4.931640625
-4.951171875
-4.98046875
-5.0
-5.01953125
-5.0390625
-5.05859375
-5.087890625
-5.09765625
-5.107421875
-5.126953125
-5.126953125
-5.13671875
-5.13671875
-5.146484375
-5.146484375
-5.146484375
-5.146484375
-5.146484375
-5.13671875
-5.126953125
-5.126953125
-5.1171875
-5.09765625
-5.087890625
-5.068359375
-5.048828125
-5.029296875
-5.009765625
-4.98046875
-4.9609375
-4.931640625
-4.90234375
-4.86328125
-4.833984375
-4.833984375
-4.765625
-4.736328125
-4.6875
-4.6484375
-4.609375
-4.560546875
-4.55078125
-4.501953125
-4.453125
-4.404296875
-4.35546875
-4.306640625
-4.23828125
-4.1796875
-4.12109375
-4.052734375
-4.00390625
-3.935546875
-3.876953125
-3.80859375
-3.75
-3.681640625
-3.603515625
-3.53515625
-3.466796875
-3.388671875
-3.3203125
-3.2421875
-3.1640625
-3.076171875
-2.998046875
-2.919921875
-2.900390625
-2.8125
-2.734375
-2.646484375
-2.55859375
-2.48046875
-2.392578125
-2.3046875
-2.216796875
-2.12890625
-2.041015625
-1.93359375
-1.85546875
-1.748046875
-1.650390625
-1.5625
-1.46484375
-1.38671875
-1.26953125
-1.181640625
-1.083984375
-0.986328125
-0.87890625
-0.859375
-0.76171875
-0.673828125
-0.56640625
-0.478515625
-0.37109375
-0.2734375
-0.17578125
-0.087890625
0.01953125
0.1171875
0.234375
0.33203125
0.4296875
0.52734375
0.625
0.72265625
0.8203125
0.927734375
1.015625
1.123046875
1.1328125
1.240234375
1.328125
1.42578125
1.5234375
1.611328125
1.708984375
1.806640625
1.89453125
1.97265625
2.0703125
2.16796875
2.255859375
2.34375
2.421875
2.509765625
2.587890625
2.685546875
2.763671875
2.8515625
2.9296875
3.0078125
3.095703125
3.18359375
3.2421875
3.330078125
3.3984375
3.466796875
3.53515625
3.5546875
3.623046875
3.701171875
3.759765625
3.828125
3.896484375
3.96484375
4.0234375
4.08203125
4.140625
4.19921875
4.2578125
4.306640625
4.365234375
4.4140625
4.462890625
4.501953125
4.560546875
4.609375
4.6484375
4.6875
4.6875
4.7265625
4.765625
4.8046875
4.84375
4.873046875
4.90234375
4.931640625
4.951171875
4.98046875
5.0
5.01953125
5.0390625
5.048828125
5.068359375
5.09765625
5.087890625
5.09765625
5.107421875
5.107421875
5.1171875
5.1171875
5.1171875
5.1171875
5.1171875
5.107421875
5.09765625
5.087890625
5.068359375
5.068359375
5.048828125
5.0390625
5.009765625
5.0
4.970703125
4.951171875
4.921875
4.90234375
4.86328125
4.84375
4.8046875
4.765625
4.7265625
4.6875
4.677734375
4.638671875
4.599609375
4.55078125
4.501953125
4.47265625
4.404296875
4.35546875
4.296875
4.248046875
4.189453125
4.130859375
4.072265625
4.013671875
3.9453125
3.84765625
3.818359375
3.75
3.69140625
3.623046875
3.5546875
3.4765625
3.45703125
3.388671875
3.310546875
3.232421875
3.154296875
3.076171875
2.998046875
2.890625
2.83203125
2.75390625
2.666015625
2.587890625
2.5
2.421875
2.32421875
2.236328125
2.1484375
2.060546875
1.962890625
1.884765625
1.787109375
1.689453125
1.591796875
1.494140625
1.484375
1.38671875
1.279296875
1.19140625
1.09375
0.99609375
0.8984375
0.80078125
0.703125
0.615234375
0.5078125
0.419921875
0.3125
0.21484375
0.09765625
0.0
-0.087890625
-0.224609375
-0.29296875
-0.390625
-0.48828125
-0.595703125
-0.68359375
-0.703125
-0.810546875
-0.908203125
-1.005859375
-1.103515625
-1.201171875
-1.2890625
-1.38671875
-1.46484375
-1.58203125
-1.669921875
-1.767578125
-1.85546875
-1.953125
-2.041015625
-2.138671875
-2.216796875
-2.314453125
-2.392578125
-2.490234375
-2.568359375
-2.65625
-2.744140625
-2.822265625
-2.900390625
-2.978515625
-3.06640625
-3.134765625
-3.154296875
-3.232421875
-3.3203125
-3.388671875
-3.466796875
-3.53515625
-3.61328125
-3.681640625
-3.73046875
-3.818359375
-3.876953125
-3.9453125
-4.00390625
-4.072265625
-4.12109375
-4.189453125
-4.23828125
-4.296875
-4.345703125
-4.404296875
-4.453125
-4.501953125
-4.541015625
-4.599609375
-4.638671875
-4.6875
-4.716796875
-4.736328125
-4.765625
-4.8046875
-4.84375
-4.873046875
-4.90234375
-4.931640625
-4.9609375
-4.990234375
-5.009765625
-5.029296875
-5.048828125
-5.068359375
-5.087890625
-5.107421875
-5.107421875
-5.126953125
-5.126953125
-5.13671875
-5.146484375
-5.146484375
-5.146484375
-5.146484375
-5.146484375
-5.13671875
-5.13671875
-5.126953125
-5.1171875
-5.107421875
-5.078125
-5.078125
-5.05859375
-5.048828125
-5.01953125
-5.009765625
-4.970703125
-4.951171875
-4.921875
-4.892578125
-4.853515625
-4.82421875
-4.78515625
-4.755859375
-4.716796875
-4.677734375
-4.62890625
-4.62890625
-4.580078125
-4.541015625
-4.4921875
-4.443359375
-4.39453125
-4.3359375
-4.27734375
-4.228515625
-4.169921875
-4.111328125
-4.052734375
-3.994140625
-3.92578125
-3.857421875
-3.798828125
-3.73046875
-3.662109375
-3.59375
-3.515625
-3.447265625
-3.369140625
-3.291015625
-3.212890625
-3.14453125
-3.06640625
-2.978515625
-2.900390625
-2.822265625
-2.734375
-2.71484375
-2.626953125
-2.5390625
-2.451171875
-2.36328125
-2.275390625
-2.1875
-2.08984375
-2.001953125
-1.904296875
-1.81640625
