-4.765625
2.978515625
-0.46875
-2.236328125
4.2578125
-5.146484375
4.541015625
-2.724609375
0.078125
2.509765625
-4.462890625
5.1171875
-4.39453125
2.392578125
0.234375
-2.83203125
4.609375
-5.13671875
4.1796875
-2.109375
-0.615234375
3.0859375
-4.775390625
5.05859375
-4.0234375
1.796875
0.87890625
-3.359375
4.853515625
-5.0390625
3.76953125
-1.494140625
-1.259765625
3.583984375
-4.98046875
4.921875
-3.544921875
1.1328125
1.5625
-3.857421875
5.029296875
-4.853515625
3.26171875
-0.810546875
-1.875
4.0234375
-5.107421875
4.70703125
-3.056640625
0.48828125
2.1875
-4.2578125
5.1171875
-4.58984375
2.734375
-0.166015625
-2.509765625
4.4140625
-5.146484375
4.384765625
-2.490234375
-0.185546875
2.744140625
-4.599609375
5.107421875
-4.248046875
2.1484375
0.5078125
-3.06640625
4.7265625
-5.087890625
4.00390625
-1.8359375
-0.849609375
3.291015625
-4.86328125
5.01953125
-3.828125
1.513671875
1.171875
-3.583984375
4.94140625
-4.951171875
3.5546875
-1.201171875
-1.54296875
3.76953125
-5.048828125
4.84375
-3.359375
0.869140625
1.806640625
-4.0234375
5.068359375
-4.74609375
3.046875
-0.546875
-2.16796875
4.21875
-5.13671875
4.58984375
-2.822265625
0.205078125
2.412109375
-4.4140625
5.1171875
-4.453125
2.490234375
0.1171875
-2.75390625
4.55078125
-5.146484375
4.23828125
-2.197265625
-0.458984375
2.978515625
-4.716796875
5.078125
-4.0625
1.884765625
0.791015625
-3.291015625
4.82421875
-5.05859375
3.828125
-1.572265625
-1.162109375
3.525390625
-4.9609375
4.9609375
-3.642578125
1.259765625
1.42578125
-3.76953125
5.0
-4.892578125
3.359375
-0.947265625
-1.796875
3.974609375
-5.09765625
4.736328125
-3.10546875
0.556640625
2.08984375
-4.21875
5.09765625
-4.6484375
2.83203125
-0.283203125
-2.392578125
4.35546875
-5.166015625
4.453125
-2.55859375
-0.087890625
2.67578125
-4.560546875
5.1171875
-4.296875
2.236328125
0.41015625
-2.98828125
4.6875
-5.1171875
4.091796875
-1.97265625
-0.751953125
3.203125
-4.82421875
5.0390625
-3.90625
1.630859375
1.0546875
-3.49609375
4.90234375
-5.0
3.642578125
-1.318359375
-1.42578125
3.681640625
-5.029296875
4.873046875
-3.408203125
0.947265625
1.689453125
-3.955078125
5.048828125
-4.794921875
3.14453125
-0.673828125
-2.041015625
4.140625
-5.126953125
4.62890625
-2.890625
0.302734375
2.333984375
-4.35546875
5.1171875
-4.501953125
2.568359375
0.01953125
-2.666015625
4.4921875
-5.146484375
4.306640625
-2.32421875
-0.361328125
2.890625
-4.677734375
5.087890625
-4.140625
1.982421875
0.673828125
-3.203125
4.775390625
-5.078125
3.90625
-1.69921875
-1.03515625
3.4375
-4.921875
4.98046875
-3.701171875
1.328125
1.3671875
-3.7109375
4.990234375
-4.921875
3.427734375
-1.025390625
-1.669921875
3.88671875
-5.078125
4.78515625
-3.22265625
0.693359375
1.9921875
-4.130859375
5.09765625
-4.6875
2.91015625
-0.380859375
-2.314453125
4.296875
-5.146484375
4.4921875
-2.646484375
-0.009765625
2.587890625
-4.51171875
5.1171875
-4.375
2.353515625
0.2734375
-2.880859375
4.609375
-5.13671875
4.150390625
-2.060546875
-0.654296875
3.134765625
-4.794921875
5.05859375
-3.96484375
1.71875
0.966796875
-3.427734375
4.8828125
-5.01953125
3.701171875
-1.40625
-1.337890625
3.65234375
-4.990234375
4.921875
-3.525390625
1.083984375
1.591796875
-3.88671875
5.029296875
-4.814453125
3.232421875
-0.771484375
-1.953125
4.08203125
-5.1171875
4.677734375
-2.978515625
0.400390625
2.24609375
-4.326171875
5.1171875
-4.55078125
2.65625
-0.078125
-2.578125
4.43359375
-5.15625
4.375
-2.431640625
-0.244140625
2.802734375
-4.62890625
5.09765625
-4.208984375
2.08984375
0.56640625
-3.115234375
4.755859375
-5.09765625
3.974609375
-1.796875
-0.9375
3.359375
-4.892578125
5.0
-3.76953125
1.435546875
1.25
-3.642578125
4.9609375
-4.951171875
3.505859375
-1.142578125
-1.6015625
3.837890625
-5.048828125
4.82421875
-3.310546875
0.810546875
1.865234375
-4.072265625
5.087890625
-4.7265625
2.998046875
-0.478515625
-2.216796875
4.248046875
-5.126953125
4.55078125
-2.734375
0.09765625
2.5
-4.43359375
5.1171875
-4.43359375
2.44140625
0.166015625
-2.79296875
4.5703125
-5.1171875
4.208984375
-2.158203125
-0.546875
3.046875
-4.755859375
5.078125
-4.033203125
1.81640625
0.859375
-3.33984375
4.84375
-5.0390625
3.779296875
-1.50390625
-1.19140625
3.5546875
-4.970703125
4.94140625
-3.59375
1.19140625
1.494140625
-3.80859375
5.009765625
-4.86328125
3.310546875
-0.869140625
-1.85546875
4.013671875
-5.107421875
4.716796875
-3.06640625
0.498046875
2.1484375
-4.228515625
5.107421875
-4.609375
2.783203125
-0.21484375
-2.451171875
4.384765625
-5.15625
4.4140625
-2.509765625
-0.15625
2.734375
-4.58984375
5.107421875
-4.2578125
2.158203125
0.478515625
-3.046875
4.6875
-5.1171875
4.052734375
-1.904296875
-0.8203125
3.26171875
-4.86328125
5.01953125
-3.857421875
1.552734375
1.1328125
-3.5546875
4.931640625
-4.98046875
3.59375
-1.25
-1.484375
3.759765625
-5.0390625
4.853515625
-3.359375
0.888671875
1.787109375
-4.013671875
5.068359375
-4.755859375
3.06640625
-0.576171875
-2.08984375
4.169921875
-5.13671875
4.609375
-2.8515625
0.244140625
2.373046875
-4.384765625
5.1171875
-4.482421875
2.5390625
0.05859375
-2.705078125
4.53125
-5.146484375
4.267578125
-2.255859375
-0.44921875
2.96875
-4.70703125
5.087890625
-4.1015625
1.9140625
0.76171875
-3.30078125
4.8046875
-5.05859375
3.837890625
-1.611328125
-1.083984375
3.466796875
-4.94140625
4.970703125
-3.681640625
1.2890625
1.38671875
-3.75
4.990234375
-4.892578125
3.388671875
-0.9765625
-1.767578125
3.955078125
-5.087890625
4.755859375
-3.134765625
0.60546875
2.01171875
-4.169921875
5.09765625
-4.66796875
2.861328125
-0.322265625
-2.36328125
4.3359375
-5.15625
4.47265625
-2.59765625
-0.048828125
2.63671875
-4.541015625
5.1171875
-4.31640625
2.265625
0.380859375
-2.96875
4.6484375
-5.126953125
4.111328125
-2.01171875
-0.703125
3.18359375
-4.814453125
5.0390625
-3.92578125
1.650390625
1.025390625
-3.4765625
4.90234375
-5.009765625
3.662109375
-1.34765625
-1.38671875
3.69140625
-5.009765625
4.8828125
-3.447265625
0.99609375
1.689453125
-3.955078125
5.048828125
-4.794921875
3.154296875
-0.68359375
-2.03125
4.1015625
-5.126953125
4.658203125
-2.94921875
0.3515625
2.275390625
-4.326171875
5.1171875
-4.53125
2.6171875
-0.0390625
-2.607421875
4.482421875
-5.146484375
4.326171875
-2.353515625
-0.341796875
2.880859375
-4.66796875
5.09765625
-4.16015625
2.01171875
0.654296875
-3.18359375
4.775390625
-5.087890625
3.9453125
-1.748046875
-0.986328125
3.388671875
-4.90234375
5.0
-3.75
1.396484375
1.2890625
-3.681640625
4.970703125
-4.931640625
3.466796875
-1.083984375
-1.650390625
3.876953125
-5.078125
4.8046875
-3.232421875
0.703125
1.953125
-4.12109375
5.087890625
-4.697265625
2.9296875
-0.400390625
-2.294921875
4.267578125
-5.146484375
4.53125
-2.705078125
0.068359375
2.51953125
-4.47265625
5.1171875
-4.39453125
2.3828125
0.224609375
-2.8515625
4.609375
-5.13671875
4.169921875
-2.099609375
-0.615234375
3.10546875
-4.775390625
5.05859375
-3.994140625
1.7578125
0.927734375
-3.3984375
4.873046875
-5.029296875
3.75
-1.455078125
-1.26953125
3.61328125
-4.990234375
4.912109375
-3.525390625
1.1328125
1.552734375
-3.857421875
5.029296875
-4.853515625
3.271484375
-0.830078125
-1.904296875
4.04296875
-5.107421875
4.6875
-3.046875
0.44921875
2.1875
-4.27734375
5.1171875
-4.580078125
2.71484375
-0.13671875
-2.51953125
4.423828125
-5.15625
4.375
-2.431640625
-0.244140625
2.802734375
-4.62890625
5.107421875
-4.21875
2.099609375
0.5078125
-3.06640625
4.716796875
-5.107421875
4.00390625
-1.845703125
-0.888671875
3.310546875
-4.873046875
5.01953125
-3.818359375
1.494140625
1.181640625
-3.59375
4.94140625
-4.970703125
3.5546875
-1.19140625
-1.54296875
3.798828125
-5.048828125
4.833984375
-3.3203125
0.830078125
1.845703125
-4.052734375
5.078125
-4.755859375
3.02734375
-0.5078125
-2.1875
4.228515625
-5.13671875
4.5703125
-2.7734375
0.13671875
2.4609375
-4.43359375
5.1171875
-4.423828125
2.451171875
0.107421875
-2.744140625
4.55078125
-5.146484375
4.23828125
-2.20703125
-0.48828125
2.998046875
-4.7265625
5.078125
-4.072265625
1.875
0.80078125
-3.30078125
4.82421875
-5.05859375
3.828125
-1.572265625
-1.171875
3.53515625
-4.9609375
4.951171875
-3.603515625
1.2109375
1.484375
-3.798828125
5.009765625
-4.873046875
3.330078125
-0.8984375
-1.826171875
3.96484375
-5.09765625
4.736328125
-3.115234375
0.56640625
2.08984375
-4.21875
5.107421875
-4.62890625
2.802734375
-0.244140625
-2.431640625
4.375
-5.146484375
4.43359375
-2.529296875
-0.126953125
2.71484375
-4.5703125
5.1171875
-4.287109375
2.216796875
0.439453125
-3.0078125
4.6875
-5.1171875
4.052734375
-1.9140625
-0.771484375
3.22265625
-4.833984375
5.0390625
-3.88671875
1.6015625
1.083984375
-3.515625
4.912109375
-4.98046875
3.6328125
-1.298828125
-1.4453125
3.73046875
-5.029296875
4.873046875
-3.3984375
0.9375
1.748046875
-3.974609375
5.05859375
-4.775390625
3.10546875
-0.615234375
-2.060546875
4.150390625
-5.126953125
4.62890625
-2.890625
0.29296875
2.34375
-4.365234375
5.1171875
-4.501953125
2.568359375
0.009765625
-2.666015625
4.51171875
-5.146484375
4.287109375
-2.294921875
-0.380859375
2.919921875
-4.6875
5.087890625
-4.12109375
1.953125
0.712890625
-3.232421875
4.794921875
-5.068359375
3.896484375
-1.66015625
-1.083984375
3.466796875
-4.931640625
4.970703125
-3.701171875
1.337890625
1.34765625
-3.720703125
4.98046875
-4.921875
3.4375
-1.025390625
-1.69921875
3.916015625
-5.078125
4.775390625
-3.18359375
0.654296875
2.01171875
-4.150390625
5.09765625
-4.66796875
2.880859375
-0.33203125
-2.353515625
4.326171875
-5.146484375
4.4921875
-2.65625
-0.009765625
2.587890625
-4.51171875
5.1171875
-4.35546875
2.32421875
0.302734375
-2.900390625
4.638671875
-5.126953125
4.130859375
-2.041015625
-0.673828125
3.154296875
-4.8046875
5.05859375
-3.9453125
1.689453125
0.99609375
-3.447265625
4.8828125
-5.009765625
3.7109375
-1.416015625
-1.328125
3.65234375
-5.009765625
4.90234375
-3.486328125
1.0546875
1.640625
-3.90625
5.0390625
-4.814453125
3.193359375
-0.712890625
-1.9921875
4.111328125
-5.126953125
4.658203125
-2.94921875
0.361328125
2.236328125
-4.306640625
5.1171875
-4.55078125
2.666015625
-0.087890625
-2.578125
4.453125
-5.15625
4.345703125
-2.3828125
-0.29296875
2.841796875
-4.6484375
5.09765625
-4.1796875
2.041015625
0.625
-3.154296875
4.74609375
-5.09765625
3.96484375
-1.787109375
-0.947265625
3.359375
-4.873046875
5.0
-3.759765625
1.42578125
1.259765625
-3.642578125
4.9609375
-4.94140625
3.49609375
-1.123046875
-1.62109375
3.84765625
-5.068359375
4.8046875
-3.26171875
0.791015625
1.875
-4.072265625
5.078125
-4.7265625
2.98828125
-0.478515625
-2.2265625
4.248046875
-5.146484375
4.541015625
-2.734375
0.087890625
2.5
-4.462890625
5.1171875
-4.404296875
2.40234375
0.224609375
-2.83203125
4.599609375
-5.13671875
4.1796875
-2.119140625
-0.595703125
3.0859375
-4.775390625
5.068359375
-4.033203125
1.81640625
0.869140625
-3.349609375
4.84375
-5.048828125
3.76953125
-1.50390625
-1.240234375
3.583984375
-4.98046875
4.921875
-3.5546875
1.142578125
1.54296875
-3.84765625
5.029296875
-4.873046875
3.30078125
-0.869140625
-1.865234375
4.0234375
-5.107421875
4.716796875
-3.056640625
0.498046875
2.158203125
-4.248046875
5.107421875
-4.58984375
2.734375
-0.205078125
-2.5
4.4140625
-5.146484375
4.39453125
-2.509765625
-0.166015625
2.734375
-4.58984375
5.107421875
-4.2578125
2.16796875
0.498046875
-3.056640625
4.70703125
-5.107421875
4.0234375
-1.865234375
-0.869140625
3.291015625
-4.86328125
5.01953125
-3.818359375
1.513671875
1.1328125
-3.5546875
4.921875
-4.98046875
3.59375
-1.240234375
-1.494140625
3.759765625
-5.048828125
4.84375
