-4.4140625
-4.248046875
-4.189453125
-4.140625
-4.072265625
-4.013671875
-3.955078125
-3.896484375
-3.828125
-3.759765625
-3.701171875
-3.623046875
-3.5546875
-3.486328125
-3.408203125
-3.330078125
-3.251953125
-3.18359375
-3.10546875
-3.02734375
-2.939453125
-2.861328125
-2.783203125
-2.705078125
-2.6171875
-2.529296875
-2.44140625
-2.36328125
-2.275390625
-2.197265625
-2.099609375
-2.021484375
-1.923828125
-1.8359375
-1.73828125
-1.650390625
-1.5625
-1.455078125
-1.3671875
-1.26953125
-1.181640625
-1.09375
-0.986328125
-0.888671875
-0.791015625
-0.693359375
-0.595703125
-0.5859375
-0.478515625
-0.380859375
-0.283203125
-0.185546875
-0.087890625
0.0
0.087890625
0.21484375
0.3125
0.41015625
0.517578125
0.615234375
0.712890625
0.810546875
0.91796875
1.005859375
1.09375
1.201171875
1.2890625
1.38671875
1.484375
1.572265625
1.6015625
1.69921875
1.787109375
1.875
1.97265625
2.0703125
2.1484375
2.24609375
2.353515625
2.421875
2.5
2.587890625
2.67578125
2.75390625
2.841796875
2.9296875
3.0078125
3.0859375
3.1640625
3.2421875
3.3203125
3.388671875
3.466796875
3.53515625
3.603515625
3.671875
3.740234375
3.798828125
3.8671875
3.88671875
3.9453125
4.00390625
4.0625
4.130859375
4.189453125
4.248046875
4.27734375
4.35546875
4.404296875
4.453125
4.51171875
4.55078125
4.599609375
4.638671875
4.677734375
4.716796875
4.755859375
4.78515625
4.794921875
4.853515625
4.8828125
4.912109375
4.94140625
4.9609375
4.990234375
4.990234375
5.009765625
5.01953125
5.048828125
5.05859375
5.078125
5.078125
5.09765625
5.09765625
5.107421875
5.1171875
5.1171875
5.1171875
5.1171875
5.107421875
5.107421875
5.087890625
5.087890625
5.078125
5.068359375
5.048828125
5.029296875
5.009765625
5.0
4.970703125
4.9609375
4.921875
4.892578125
4.86328125
4.833984375
4.794921875
4.794921875
4.755859375
4.716796875
4.677734375
4.638671875
4.58984375
4.560546875
4.4921875
4.453125
4.39453125
4.35546875
4.296875
4.248046875
4.1796875
4.130859375
4.0625
4.013671875
3.9453125
3.876953125
3.818359375
3.75
3.73046875
3.671875
3.59375
3.525390625
3.447265625
3.37890625
3.310546875
3.232421875
3.154296875
3.0859375
3.0078125
2.9296875
2.841796875
2.763671875
2.67578125
2.607421875
2.509765625
2.421875
2.34375
2.255859375
2.158203125
2.080078125
1.982421875
1.89453125
1.806640625
1.71875
1.611328125
1.5234375
1.42578125
1.337890625
1.240234375
1.142578125
1.044921875
0.947265625
0.859375
0.76171875
0.6640625
0.56640625
0.546875
0.44921875
0.3515625
0.25390625
0.146484375
0.048828125
-0.048828125
-0.146484375
-0.244140625
-0.341796875
-0.439453125
-0.537109375
-0.634765625
-0.732421875
-0.830078125
-0.908203125
-1.025390625
-1.11328125
-1.2109375
-1.298828125
-1.396484375
-1.484375
-1.58203125
-1.669921875
-1.767578125
-1.85546875
-1.953125
-2.03125
-2.12890625
-2.216796875
-2.3046875
-2.392578125
-2.48046875
-2.548828125
-2.65625
-2.744140625
-2.822265625
-2.91015625
-2.9296875
-3.0078125
-3.095703125
-3.173828125
-3.251953125
-3.310546875
-3.408203125
-3.4765625
-3.5546875
-3.623046875
-3.69140625
-3.759765625
-3.828125
-3.88671875
-3.955078125
-4.013671875
-4.08203125
-4.140625
-4.16015625
-4.21875
-4.27734375
-4.326171875
-4.384765625
-4.43359375
-4.4921875
-4.541015625
-4.580078125
-4.62890625
-4.66796875
-4.70703125
-4.74609375
-4.78515625
-4.82421875
-4.853515625
-4.892578125
-4.921875
-4.951171875
-4.98046875
-4.98046875
-5.009765625
-5.029296875
-5.048828125
-5.068359375
-5.078125
-5.09765625
-5.107421875
-5.126953125
-5.126953125
-5.13671875
-5.13671875
-5.146484375
-5.146484375
-5.146484375
-5.13671875
-5.13671875
-5.166015625
-5.126953125
-5.107421875
-5.09765625
-5.09765625
-5.087890625
-5.068359375
-5.048828125
-5.029296875
-5.009765625
-4.98046875
-4.951171875
-4.931640625
-4.892578125
-4.86328125
-4.833984375
-4.794921875
-4.755859375
-4.716796875
-4.677734375
-4.66796875
-4.62890625
-4.580078125
-4.53125
-4.482421875
-4.43359375
-4.384765625
-4.326171875
-4.27734375
-4.228515625
-4.16015625
-4.1015625
-4.04296875
-3.974609375
-3.916015625
-3.84765625
-3.7890625
-3.720703125
-3.642578125
-3.57421875
-3.49609375
-3.486328125
-3.408203125
-3.330078125
-3.26171875
-3.173828125
-3.095703125
-3.017578125
-2.919921875
-2.8515625
-2.7734375
-2.685546875
-2.59765625
-2.509765625
-2.431640625
-2.34375
-2.24609375
-2.16796875
-2.0703125
-1.982421875
-1.884765625
-1.796875
-1.69921875
-1.611328125
-1.513671875
-1.42578125
-1.328125
-1.240234375
-1.220703125
-1.123046875
-1.025390625
-0.927734375
-0.830078125
-0.732421875
-0.634765625
-0.546875
-0.44921875
-0.3515625
-0.25390625
-0.15625
-0.029296875
0.0390625
0.13671875
0.244140625
0.341796875
0.439453125
0.546875
0.634765625
0.7421875
0.83984375
0.9375
1.025390625
1.123046875
1.2109375
1.30859375
1.40625
1.513671875
1.58203125
1.6796875
1.767578125
1.875
1.953125
2.05078125
2.0703125
2.158203125
2.24609375
2.333984375
2.421875
2.509765625
2.59765625
2.685546875
2.763671875
2.861328125
2.9296875
3.0078125
3.095703125
3.18359375
3.2421875
3.330078125
3.3984375
3.4765625
3.544921875
3.623046875
3.69140625
3.75
3.818359375
3.88671875
3.9453125
3.96484375
4.0234375
4.08203125
4.140625
4.19921875
4.2578125
4.306640625
4.35546875
4.404296875
4.453125
4.521484375
4.55078125
4.599609375
4.638671875
4.6875
4.7265625
4.755859375
4.794921875
4.82421875
4.853515625
4.892578125
4.912109375
4.94140625
4.9609375
5.0
5.0
5.029296875
5.0390625
5.05859375
5.068359375
5.087890625
5.09765625
5.09765625
5.09765625
5.107421875
5.1171875
5.1171875
5.1171875
5.1171875
5.107421875
5.107421875
5.09765625
5.087890625
5.068359375
5.068359375
5.0390625
5.029296875
5.009765625
5.0
4.970703125
4.951171875
4.921875
4.90234375
4.86328125
4.833984375
4.8046875
4.765625
4.7265625
4.697265625
4.6484375
4.619140625
4.5703125
4.53125
4.47265625
4.43359375
4.375
4.3359375
4.27734375
4.21875
4.169921875
4.130859375
4.052734375
3.984375
3.92578125
3.857421875
3.837890625
3.779296875
3.7109375
3.642578125
3.57421875
3.49609375
3.427734375
3.349609375
3.271484375
3.203125
3.125
3.046875
2.96875
2.890625
2.802734375
2.71484375
2.626953125
2.568359375
2.4609375
2.3828125
2.28515625
2.20703125
2.109375
2.021484375
1.9921875
1.904296875
1.81640625
1.71875
1.62109375
1.533203125
1.435546875
1.357421875
1.240234375
1.15234375
1.0546875
0.95703125
0.859375
0.76171875
0.6640625
0.56640625
0.46875
0.37109375
0.263671875
0.166015625
0.05859375
-0.0390625
-0.05859375
-0.166015625
-0.263671875
-0.361328125
-0.46875
-0.56640625
-0.6640625
-0.76171875
-0.859375
-0.95703125
-1.064453125
-1.15234375
-1.259765625
-1.34765625
-1.4453125
-1.54296875
-1.640625
-1.728515625
-1.826171875
-1.8359375
-1.93359375
-2.021484375
-2.119140625
-2.197265625
-2.28515625
-2.3828125
-2.470703125
-2.548828125
-2.646484375
-2.724609375
-2.822265625
-2.900390625
-2.978515625
-3.056640625
-3.134765625
-3.212890625
-3.291015625
-3.37890625
-3.45703125
-3.525390625
-3.544921875
-3.61328125
-3.69140625
-3.759765625
-3.818359375
-3.88671875
-3.955078125
-4.013671875
-4.072265625
-4.12109375
-4.189453125
-4.248046875
-4.306640625
-4.35546875
-4.4140625
-4.462890625
-4.51171875
-4.560546875
-4.609375
-4.658203125
-4.66796875
-4.70703125
-4.74609375
-4.78515625
-4.814453125
-4.84375
-4.892578125
-4.912109375
-4.94140625
-4.970703125
-5.0
-5.01953125
-5.0390625
-5.05859375
-5.078125
-5.087890625
-5.107421875
-5.1171875
-5.126953125
-5.13671875
-5.146484375
-5.146484375
-5.146484375
-5.146484375
-5.146484375
-5.146484375
-5.13671875
-5.13671875
-5.126953125
-5.1171875
-5.107421875
-5.087890625
-5.078125
-5.05859375
-5.048828125
-5.029296875
-5.0
-4.98046875
-4.951171875
-4.90234375
-4.892578125
-4.86328125
-4.82421875
-4.794921875
-4.755859375
-4.70703125
-4.677734375
-4.62890625
-4.58984375
-4.541015625
-4.501953125
-4.443359375
-4.404296875
-4.345703125
-4.296875
-4.23828125
-4.1796875
-4.12109375
-4.0625
-4.052734375
-3.994140625
-3.92578125
-3.857421875
-3.798828125
-3.73046875
-3.662109375
-3.59375
-3.525390625
-3.447265625
-3.37890625
-3.30078125
-3.22265625
-3.154296875
-3.056640625
-2.98828125
-2.91015625
-2.822265625
-2.744140625
-2.666015625
-2.578125
-2.5
-2.40234375
-2.314453125
-2.216796875
-2.138671875
-2.041015625
-1.953125
-1.85546875
-1.767578125
-1.748046875
-1.650390625
-1.5625
-1.46484375
-1.3671875
-1.26953125
-1.181640625
-1.083984375
-0.986328125
-0.888671875
-0.80078125
-0.693359375
-0.595703125
-0.498046875
-0.400390625
-0.29296875
-0.1953125
-0.09765625
-0.009765625
0.087890625
0.1953125
0.29296875
0.400390625
0.498046875
0.595703125
0.693359375
0.791015625
0.810546875
0.908203125
1.005859375
1.103515625
1.201171875
1.2890625
1.38671875
1.484375
1.572265625
1.689453125
1.7578125
1.865234375
1.953125
2.041015625
2.138671875
2.2265625
2.314453125
2.36328125
2.5
2.578125
2.65625
2.744140625
2.83203125
2.8515625
2.9296875
3.0078125
3.0859375
3.173828125
3.2421875
3.3203125
3.3984375
3.4765625
3.5546875
3.623046875
3.69140625
3.759765625
3.828125
3.896484375
3.955078125
4.0234375
4.072265625
4.091796875
4.150390625
4.208984375
4.267578125
4.326171875
4.375
4.404296875
4.47265625
4.53125
4.5703125
4.619140625
4.658203125
4.66796875
4.736328125
4.775390625
4.8046875
4.84375
4.873046875
4.90234375
4.90234375
4.931640625
4.9609375
4.990234375
5.0
5.029296875
5.0390625
5.05859375
5.068359375
5.087890625
5.087890625
5.107421875
5.107421875
5.078125
5.1171875
5.1171875
5.107421875
5.107421875
5.09765625
5.09765625
5.087890625
5.087890625
5.068359375
5.05859375
5.0390625
5.029296875
5.0
4.990234375
4.9609375
4.94140625
4.912109375
4.8828125
4.853515625
4.82421875
4.78515625
4.74609375
4.716796875
4.677734375
4.62890625
4.619140625
4.5703125
4.53125
4.482421875
4.443359375
4.384765625
4.3359375
4.287109375
4.228515625
4.169921875
4.12109375
4.052734375
3.984375
3.92578125
3.8671875
3.798828125
3.73046875
3.662109375
3.59375
3.515625
3.447265625
3.369140625
3.30078125
3.28125
3.203125
3.125
3.046875
2.96875
2.880859375
2.802734375
2.705078125
2.626953125
2.5390625
2.4609375
2.373046875
2.28515625
2.197265625
2.109375
1.97265625
1.9140625
1.826171875
1.728515625
1.630859375
1.6015625
1.513671875
1.416015625
1.318359375
1.23046875
1.1328125
1.03515625
0.95703125
0.849609375
0.76171875
0.654296875
0.546875
0.458984375
0.361328125
0.25390625
0.146484375
0.0390625
-0.0390625
-0.146484375
-0.244140625
-0.341796875
-0.439453125
-0.546875
-0.634765625
-0.6640625
-0.76171875
-0.869140625
-0.95703125
-1.0546875
-1.15234375
-1.25
-1.337890625
-1.435546875
-1.533203125
-1.630859375
-1.71875
-1.826171875
-1.904296875
-2.01171875
-2.099609375
-2.1875
-2.275390625
-2.36328125
-2.451171875
-2.5390625
-2.55859375
-2.646484375
-2.734375
-2.822265625
-2.900390625
-2.98828125
-3.06640625
-3.14453125
-3.22265625
-3.310546875
-3.37890625
-3.45703125
-3.525390625
-3.603515625
-3.662109375
-3.740234375
-3.80859375
-3.876953125
-3.935546875
-3.955078125
-4.013671875
-4.072265625
-4.140625
-4.19921875
-4.248046875
-4.31640625
-4.365234375
-4.4140625
-4.47265625
-4.501953125
-4.55078125
-4.599609375
-4.6484375
-4.697265625
-4.736328125
-4.765625
-4.78515625
-4.84375
-4.873046875
-4.90234375
-4.931640625
-4.9609375
-4.98046875
-5.009765625
-5.029296875
-5.0390625
-5.05859375
-5.068359375
-5.087890625
-5.107421875
-5.107421875
-5.126953125
-5.13671875
-5.13671875
-5.13671875
-5.146484375
-5.146484375
-5.146484375
-5.13671875
-5.13671875
-5.126953125
-5.126953125
-5.107421875
-5.09765625
-5.1171875
-5.068359375
-5.048828125
-5.029296875
-5.009765625
-5.009765625
-4.98046875
-4.951171875
-4.921875
-4.892578125
-4.86328125
-4.82421875
-4.794921875
-4.755859375
-4.70703125
-4.66796875
