-1.376953125
4.39453125
-5.009765625
2.685546875
1.1328125
-4.345703125
5.009765625
-2.841796875
-1.015625
4.23828125
-5.05859375
2.9296875
0.849609375
-4.1796875
5.068359375
-3.076171875
-0.712890625
4.0625
-5.107421875
3.1640625
0.556640625
-4.00390625
5.107421875
-3.310546875
-0.44921875
3.88671875
-5.13671875
3.37890625
0.283203125
-3.828125
5.1171875
-3.515625
-0.15625
3.69140625
-5.146484375
3.59375
-0.01953125
-3.623046875
5.126953125
-3.73046875
0.13671875
3.4765625
-5.126953125
3.798828125
-0.322265625
-3.3984375
5.107421875
-3.916015625
0.41015625
3.271484375
-5.126953125
3.974609375
-0.5859375
-3.18359375
5.05859375
-4.091796875
0.703125
3.046875
-5.087890625
4.16015625
-0.87890625
-2.94921875
5.0390625
-4.267578125
1.005859375
2.802734375
-5.029296875
4.326171875
-1.15234375
-2.705078125
4.970703125
-4.43359375
1.2890625
2.568359375
-4.970703125
4.453125
-1.42578125
-2.470703125
4.90234375
-4.560546875
1.552734375
2.3046875
-4.892578125
4.599609375
-1.708984375
-2.20703125
4.8046875
-4.697265625
1.826171875
2.041015625
-4.775390625
4.7265625
-1.982421875
-1.93359375
4.697265625
-4.8046875
2.0703125
1.77734375
-4.66796875
4.82421875
-2.255859375
-1.66015625
4.5703125
-4.90234375
2.34375
1.513671875
-4.55078125
4.912109375
-2.5
-1.396484375
4.423828125
-4.98046875
2.607421875
1.23046875
-4.39453125
4.990234375
-2.75390625
-1.11328125
4.287109375
-5.048828125
2.861328125
0.9375
-4.21875
5.0390625
-2.998046875
-0.830078125
4.12109375
-5.09765625
3.076171875
0.673828125
-4.072265625
5.078125
-3.212890625
-0.556640625
3.955078125
-5.126953125
3.310546875
0.37109375
-3.88671875
5.107421875
-3.447265625
-0.263671875
3.759765625
-5.146484375
3.525390625
0.078125
-3.69140625
5.1171875
-3.65234375
0.029296875
3.5546875
-5.146484375
3.73046875
-0.185546875
-3.49609375
5.107421875
-3.837890625
0.3125
3.359375
-5.13671875
3.90625
-0.48828125
-3.26171875
5.087890625
-4.033203125
0.60546875
3.134765625
-5.107421875
4.1015625
-0.78125
-3.037109375
5.048828125
-4.208984375
0.8984375
2.890625
-5.05859375
4.228515625
-1.064453125
-2.79296875
5.0
-4.384765625
1.19140625
2.666015625
-5.0
4.404296875
-1.337890625
-2.55859375
4.931640625
-4.51171875
1.4453125
2.40234375
-4.921875
4.55078125
-1.611328125
-2.294921875
4.84375
-4.6484375
1.728515625
2.138671875
-4.82421875
4.6875
-1.89453125
-2.021484375
4.736328125
-4.765625
2.001953125
1.865234375
-4.716796875
4.78515625
-2.138671875
-1.77734375
4.62890625
-4.86328125
2.24609375
1.611328125
-4.58984375
4.8828125
-2.412109375
-1.494140625
4.4921875
-4.951171875
2.509765625
1.328125
-4.453125
4.98046875
-2.666015625
-1.201171875
4.345703125
-5.029296875
2.7734375
1.064453125
-4.306640625
5.01953125
-2.900390625
-0.947265625
4.19921875
-5.078125
2.98828125
0.771484375
-4.140625
5.068359375
-3.134765625
-0.64453125
4.013671875
-5.107421875
3.232421875
0.46875
-3.9453125
5.107421875
-3.359375
-0.37109375
3.828125
-5.13671875
3.4375
0.1953125
-3.759765625
5.126953125
-3.583984375
-0.068359375
3.6328125
-5.146484375
3.65234375
-0.09765625
-3.5546875
5.126953125
-3.779296875
0.224609375
3.41796875
-5.146484375
3.837890625
-0.37109375
-3.359375
5.107421875
-3.96484375
0.498046875
3.212890625
-5.09765625
4.0234375
-0.673828125
-3.125
5.068359375
-4.150390625
0.80078125
2.96875
-5.068359375
4.189453125
-0.947265625
-2.900390625
5.01953125
-4.31640625
1.07421875
2.734375
-5.01953125
4.365234375
-1.240234375
-2.63671875
4.9609375
-4.462890625
1.357421875
2.48046875
-4.94140625
4.51171875
-1.50390625
-2.40234375
4.8828125
-4.599609375
1.62109375
2.236328125
-4.86328125
4.62890625
-1.787109375
-2.138671875
4.78515625
-4.7265625
1.904296875
1.962890625
-4.74609375
4.755859375
-2.060546875
-1.85546875
4.66796875
-4.82421875
2.1484375
1.708984375
-4.638671875
4.84375
-2.34375
-1.591796875
4.541015625
-4.931640625
2.421875
1.416015625
-4.501953125
4.94140625
-2.578125
-1.298828125
4.4140625
-5.0
2.65625
1.162109375
-4.365234375
5.0
-2.8125
-1.03515625
4.248046875
-5.05859375
2.919921875
0.859375
-4.189453125
5.05859375
-3.06640625
-0.7421875
4.072265625
-5.107421875
3.125
0.595703125
-4.033203125
5.087890625
-3.26171875
-0.46875
3.90625
-5.13671875
3.369140625
0.29296875
-3.828125
5.1171875
-3.515625
-0.166015625
3.7109375
-5.15625
3.57421875
0.009765625
-3.642578125
5.1171875
-3.701171875
0.09765625
3.505859375
-5.146484375
3.779296875
-0.283203125
-3.427734375
5.107421875
-3.90625
0.400390625
3.28125
-5.126953125
3.974609375
-0.576171875
-3.193359375
5.078125
-4.072265625
0.673828125
3.076171875
-5.09765625
4.140625
-0.849609375
-2.978515625
5.0390625
-4.248046875
0.966796875
2.822265625
-5.0390625
4.306640625
-1.142578125
-2.724609375
4.98046875
-4.404296875
1.25
2.587890625
-4.98046875
4.453125
-1.416015625
-2.490234375
4.90234375
-4.55078125
1.5234375
2.32421875
-4.892578125
4.58984375
-1.69921875
-2.216796875
4.814453125
-4.66796875
1.787109375
2.080078125
-4.794921875
4.70703125
-1.953125
-1.97265625
4.716796875
-4.78515625
2.060546875
1.806640625
-4.677734375
4.82421875
-2.2265625
-1.689453125
4.58984375
-4.892578125
2.333984375
1.5234375
-4.55078125
4.912109375
-2.470703125
-1.42578125
4.453125
-4.970703125
2.568359375
1.25
-4.4140625
4.990234375
-2.734375
-1.142578125
4.306640625
-5.0390625
2.822265625
0.966796875
-4.248046875
5.05859375
-2.978515625
-0.83984375
4.140625
-5.09765625
3.046875
0.703125
-4.091796875
5.078125
-3.193359375
-0.595703125
3.96484375
-5.126953125
3.28125
0.400390625
-3.90625
5.1171875
-3.427734375
-0.2734375
3.76953125
-5.126953125
3.505859375
0.09765625
-3.7109375
5.1171875
-3.65234375
0.009765625
3.59375
-5.15625
3.701171875
-0.166015625
-3.515625
5.1171875
-3.828125
0.29296875
3.369140625
-5.13671875
3.896484375
-0.46875
-3.28125
5.09765625
-4.0234375
0.595703125
3.134765625
-5.107421875
4.072265625
-0.732421875
-3.06640625
5.05859375
-4.189453125
0.859375
2.919921875
-5.05859375
4.248046875
-1.03515625
-2.822265625
5.0
-4.35546875
1.162109375
2.666015625
-5.0
4.39453125
-1.298828125
-2.587890625
4.94140625
-4.501953125
1.42578125
2.421875
-4.921875
4.541015625
-1.591796875
-2.32421875
4.853515625
-4.638671875
1.708984375
2.158203125
-4.82421875
4.66796875
-1.85546875
-2.080078125
4.755859375
-4.755859375
1.962890625
1.904296875
-4.74609375
4.775390625
-2.12890625
-1.796875
4.638671875
-4.86328125
2.24609375
1.62109375
-4.580078125
4.8828125
-2.392578125
-1.50390625
4.51171875
-4.94140625
2.48046875
1.357421875
-4.462890625
4.9609375
-2.63671875
-1.240234375
4.365234375
-5.01953125
2.744140625
1.064453125
-4.306640625
5.01953125
-2.87109375
-0.966796875
4.208984375
-5.078125
2.96875
0.791015625
-4.150390625
5.068359375
-3.115234375
-0.6640625
4.033203125
-5.1171875
3.193359375
0.517578125
-3.984375
5.09765625
-3.33984375
-0.400390625
3.857421875
-5.146484375
3.427734375
0.224609375
-3.779296875
5.1171875
-3.5546875
-0.09765625
3.662109375
-5.15625
3.642578125
-0.087890625
-3.57421875
5.1171875
-3.76953125
0.17578125
3.45703125
-5.146484375
3.818359375
-0.3515625
-3.369140625
5.107421875
-3.9453125
0.46875
3.232421875
-5.126953125
4.0234375
-0.654296875
-3.134765625
5.068359375
-4.130859375
0.771484375
2.98828125
-5.078125
4.1796875
-0.927734375
-2.919921875
5.029296875
-4.296875
1.044921875
2.7734375
-5.029296875
4.35546875
-1.220703125
-2.65625
4.9609375
-4.453125
1.337890625
2.529296875
-4.9609375
4.482421875
-1.484375
-2.421875
4.8828125
-4.580078125
1.6015625
2.265625
-4.86328125
4.62890625
-1.767578125
-2.1484375
4.78515625
-4.716796875
1.884765625
2.01171875
-4.775390625
4.736328125
-2.03125
-1.923828125
4.677734375
-4.814453125
2.138671875
1.728515625
-4.638671875
4.84375
-2.3046875
-1.611328125
4.55078125
-4.921875
2.3828125
1.46484375
-4.521484375
4.931640625
-2.5390625
-1.34765625
4.4140625
-5.009765625
2.646484375
1.181640625
-4.375
5.0
-2.802734375
-1.0546875
4.2578125
-5.05859375
2.890625
0.888671875
-4.19921875
5.05859375
-3.02734375
-0.791015625
4.1015625
-5.107421875
3.115234375
0.595703125
-4.04296875
5.087890625
-3.26171875
-0.48828125
3.90625
-5.13671875
3.359375
0.322265625
-3.84765625
5.1171875
-3.49609375
-0.1953125
3.740234375
-5.146484375
3.5546875
0.0390625
-3.662109375
5.1171875
-3.69140625
0.068359375
3.525390625
-5.146484375
3.759765625
-0.25390625
-3.447265625
5.1171875
-3.88671875
0.380859375
3.3203125
-5.126953125
3.9453125
-0.537109375
-3.232421875
5.107421875
-4.072265625
0.654296875
3.0859375
-5.087890625
4.130859375
-0.830078125
-2.98828125
5.0390625
-4.248046875
0.95703125
2.8515625
-5.048828125
4.27734375
-1.103515625
-2.763671875
4.990234375
-4.39453125
1.23046875
2.607421875
-4.98046875
4.443359375
-1.38671875
-2.509765625
4.921875
-4.541015625
1.513671875
2.34375
-4.892578125
4.580078125
-1.669921875
-2.236328125
4.82421875
-4.66796875
1.7578125
2.099609375
-4.8046875
4.6875
-1.93359375
-1.9921875
4.7265625
-4.78515625
2.041015625
1.826171875
-4.6875
4.8046875
-2.20703125
-1.708984375
4.609375
-4.8828125
2.294921875
1.5625
-4.5703125
4.892578125
-2.451171875
-1.455078125
4.482421875
-4.970703125
2.55859375
1.279296875
-4.423828125
4.970703125
-2.705078125
-1.162109375
4.326171875
-5.029296875
2.8125
0.986328125
-4.267578125
5.0390625
-2.958984375
-0.869140625
4.169921875
-5.087890625
3.02734375
0.72265625
-4.111328125
5.078125
-3.173828125
-0.60546875
3.984375
-5.126953125
3.271484375
0.4296875
-3.896484375
5.107421875
-3.41796875
-0.322265625
3.80859375
-5.146484375
3.4765625
0.13671875
-3.73046875
5.1171875
-3.623046875
-0.01953125
3.59375
-5.15625
3.701171875
-0.13671875
-3.53515625
5.1171875
-3.80859375
0.25390625
3.3984375
-5.13671875
3.876953125
-0.439453125
-3.30078125
5.09765625
-4.00390625
0.556640625
3.1640625
-5.1171875
4.033203125
-0.732421875
-3.076171875
5.05859375
-4.189453125
0.849609375
2.9296875
-5.068359375
4.23828125
-0.99609375
-2.8515625
5.009765625
-4.3359375
1.11328125
2.705078125
-5.009765625
4.404296875
-1.279296875
-2.59765625
4.94140625
-4.482421875
1.40625
2.451171875
-4.931640625
4.53125
-1.572265625
-2.34375
4.853515625
-4.62890625
1.6796875
2.1875
-4.84375
4.66796875
-1.845703125
-2.080078125
4.755859375
-4.736328125
1.953125
1.923828125
-4.736328125
4.775390625
-2.08984375
-1.826171875
4.6484375
-4.84375
2.197265625
1.66015625
-4.619140625
4.84375
-2.36328125
-1.54296875
4.521484375
-4.94140625
2.4609375
1.376953125
-4.47265625
4.912109375
-2.626953125
-1.25
4.375
-5.01953125
2.724609375
1.09375
-4.326171875
5.01953125
-2.87109375
-0.99609375
4.228515625
-5.068359375
2.939453125
0.830078125
-4.169921875
5.05859375
-3.095703125
-0.703125
4.052734375
-5.107421875
3.18359375
0.537109375
-3.984375
5.107421875
-3.330078125
-0.400390625
3.857421875
-5.13671875
3.3984375
0.25390625
-3.798828125
5.1171875
-3.53515625
-0.126953125
3.671875
-5.146484375
3.61328125
-0.0390625
-3.603515625
5.1171875
-3.75
0.166015625
3.45703125
-5.146484375
3.818359375
-0.341796875
-3.37890625
5.107421875
-3.92578125
0.439453125
3.26171875
-5.126953125
3.984375
-0.615234375
-3.173828125
5.078125
-4.111328125
0.7421875
3.017578125
-5.068359375
4.1796875
-0.91796875
-2.919921875
5.029296875
-4.27734375
1.005859375
2.79296875
-5.0390625
4.3359375
-1.171875
-2.6953125
4.970703125
-4.43359375
1.30859375
2.529296875
-4.990234375
4.482421875
-1.474609375
-2.451171875
4.90234375
-4.5703125
1.572265625
2.28515625
-4.873046875
4.609375
-1.73828125
-2.1875
4.8046875
-4.70703125
1.85546875
2.01171875
-4.765625
4.7265625
-2.01171875
-1.923828125
4.697265625
-4.814453125
2.109375
1.7578125
-4.658203125
4.833984375
-2.265625
-1.650390625
4.560546875
-4.912109375
