3.037109375
-2.94921875
-4.86328125
0.2734375
5.0
2.44140625
-3.681640625
-4.47265625
1.2109375
5.1171875
1.572265625
-4.27734375
-3.92578125
2.109375
5.048828125
0.5859375
-4.755859375
-3.203125
2.978515625
4.814453125
-0.37109375
-5.0390625
-2.40234375
3.7109375
4.404296875
-1.30859375
-5.146484375
-1.533203125
4.287109375
3.857421875
-2.197265625
-5.087890625
-0.595703125
4.7265625
3.1640625
-3.017578125
-4.84375
0.3515625
5.009765625
2.373046875
-3.740234375
-4.43359375
1.298828125
5.1171875
1.484375
-4.3359375
-3.857421875
2.20703125
5.0390625
0.546875
-4.775390625
-3.125
3.06640625
4.775390625
-0.478515625
-5.05859375
-2.314453125
3.76953125
4.35546875
-1.416015625
-5.146484375
-1.416015625
4.35546875
3.779296875
-2.3046875
-5.05859375
-0.478515625
4.775390625
3.076171875
-3.115234375
-4.794921875
0.46875
5.0390625
2.265625
-3.80859375
-4.375
1.40625
5.1171875
1.376953125
-4.384765625
-3.798828125
2.294921875
5.029296875
0.4296875
-4.833984375
-3.037109375
3.154296875
4.736328125
-0.576171875
-5.078125
-2.2265625
3.837890625
4.31640625
-1.50390625
-5.146484375
-1.328125
4.39453125
3.720703125
-2.3828125
-5.048828125
-0.390625
4.8046875
3.0078125
-3.18359375
-4.765625
0.546875
5.048828125
2.1875
-3.916015625
-4.296875
1.54296875
5.1171875
1.240234375
-4.462890625
-3.701171875
2.421875
5.0
0.29296875
-4.853515625
-2.978515625
3.212890625
4.70703125
-0.64453125
-5.087890625
-2.1484375
3.88671875
4.2578125
-1.58203125
-5.146484375
-1.259765625
4.443359375
3.662109375
-2.451171875
-5.029296875
-0.3125
4.853515625
2.890625
-3.291015625
-4.70703125
0.693359375
5.068359375
2.060546875
-3.9453125
-4.248046875
1.62109375
5.1171875
1.162109375
-4.501953125
-3.642578125
2.490234375
4.951171875
0.224609375
-4.8828125
-2.91015625
3.271484375
4.6875
-0.732421875
-5.09765625
-2.03125
3.974609375
4.1796875
-1.71875
-5.13671875
-1.123046875
4.51171875
3.564453125
-2.55859375
-5.0
-0.17578125
4.873046875
2.83203125
-3.349609375
-4.677734375
0.771484375
5.078125
1.982421875
-4.00390625
-4.19921875
1.708984375
5.107421875
1.083984375
-4.541015625
-3.583984375
2.55859375
4.951171875
0.05859375
-4.921875
-2.783203125
3.388671875
4.619140625
-0.87890625
-5.1171875
-1.93359375
4.033203125
4.130859375
-1.806640625
-5.13671875
-1.025390625
4.55078125
3.49609375
-2.65625
-4.970703125
-0.078125
4.90234375
2.734375
-3.427734375
-4.638671875
0.869140625
5.087890625
1.89453125
-4.072265625
-4.140625
1.806640625
5.09765625
0.986328125
-4.580078125
-3.515625
2.6953125
4.921875
-0.029296875
-4.9609375
-2.705078125
3.45703125
4.5703125
-0.9765625
-5.126953125
-1.85546875
4.091796875
4.072265625
-1.884765625
-5.126953125
-0.947265625
4.58984375
3.4375
-2.734375
-4.951171875
-0.009765625
4.931640625
2.67578125
-3.486328125
-4.599609375
0.947265625
5.09765625
1.7578125
-4.16015625
-4.0625
1.923828125
5.087890625
0.83984375
-4.658203125
-3.3984375
2.7734375
4.892578125
-0.107421875
-4.98046875
-2.626953125
3.525390625
4.53125
-1.064453125
-5.13671875
-1.767578125
4.140625
4.0234375
-1.962890625
-5.1171875
-0.849609375
4.62890625
3.359375
-2.8125
-4.90234375
0.13671875
4.9609375
2.548828125
-3.59375
-4.53125
1.09375
5.1171875
1.689453125
-4.208984375
-4.013671875
1.9921875
5.078125
0.771484375
-4.6875
-3.349609375
2.822265625
4.8828125
-0.17578125
-5.009765625
-2.529296875
3.59375
4.482421875
-1.171875
-5.146484375
-1.66015625
4.208984375
3.9453125
-2.060546875
-5.09765625
-0.751953125
4.66796875
3.291015625
-2.939453125
-4.873046875
0.25390625
4.990234375
2.4609375
-3.671875
-4.482421875
1.181640625
5.1171875
1.591796875
-4.2578125
-3.955078125
2.080078125
5.068359375
0.625
-4.736328125
-3.2421875
2.94921875
4.82421875
-0.322265625
-5.01953125
-2.451171875
3.671875
4.43359375
-1.25
-5.146484375
-1.572265625
4.248046875
3.896484375
-2.138671875
-5.087890625
-0.60546875
4.7265625
3.173828125
-3.017578125
-4.84375
0.341796875
5.0
2.3828125
-3.73046875
-4.443359375
1.26953125
5.1171875
1.50390625
-4.31640625
-3.88671875
2.16796875
5.048828125
0.5859375
-4.755859375
-3.203125
3.037109375
4.78515625
-0.4296875
-5.048828125
-2.353515625
3.75
4.375
-1.376953125
-5.146484375
-1.46484375
4.326171875
3.80859375
-2.255859375
-5.068359375
-0.537109375
4.755859375
3.115234375
-3.076171875
-4.814453125
0.419921875
5.01953125
2.3046875
-3.7890625
-4.39453125
1.357421875
5.1171875
1.416015625
-4.365234375
-3.828125
2.255859375
5.029296875
0.4296875
-4.814453125
-3.0859375
3.115234375
4.765625
-0.52734375
-5.068359375
-2.265625
3.80859375
4.326171875
-1.455078125
-5.146484375
-1.376953125
4.375
3.75
-2.34375
-5.048828125
-0.439453125
4.794921875
3.046875
-3.134765625
-4.78515625
0.5078125
5.048828125
2.1875
-3.876953125
-4.326171875
1.494140625
5.1171875
1.2890625
-4.43359375
-3.740234375
2.392578125
5.0
0.3515625
-4.84375
-3.017578125
3.1640625
4.736328125
-0.595703125
-5.078125
-2.20703125
3.84765625
4.296875
-1.58203125
-5.146484375
-1.259765625
4.43359375
3.671875
-2.451171875
-5.029296875
-0.322265625
4.833984375
2.9296875
-3.232421875
-4.736328125
0.634765625
5.05859375
2.119140625
-3.92578125
-4.27734375
1.5625
5.1171875
1.23046875
-4.462890625
-3.69140625
2.431640625
5.0
0.283203125
-4.892578125
-2.91015625
3.271484375
4.677734375
-0.732421875
-5.09765625
-2.080078125
3.955078125
4.21875
-1.650390625
-5.146484375
-1.181640625
4.47265625
3.61328125
-2.509765625
-5.01953125
-0.244140625
4.86328125
2.880859375
-3.291015625
-4.6875
0.76171875
5.078125
2.001953125
-4.00390625
-4.248046875
1.6796875
5.107421875
1.09375
-4.53125
-3.603515625
2.5390625
4.970703125
0.166015625
-4.90234375
-2.87109375
3.310546875
4.638671875
-0.83984375
-5.1171875
-1.982421875
4.00390625
4.150390625
-1.748046875
-5.13671875
-1.083984375
4.521484375
3.515625
-2.59765625
-4.990234375
-0.09765625
4.90234375
2.75390625
-3.41796875
-4.638671875
0.859375
5.087890625
1.9140625
-4.0625
-4.140625
1.767578125
5.107421875
1.005859375
-4.580078125
-3.525390625
2.63671875
4.94140625
0.048828125
-4.931640625
-2.7734375
3.3984375
4.609375
-0.8984375
-5.126953125
-1.923828125
4.04296875
4.12109375
-1.81640625
-5.13671875
-1.015625
4.58984375
3.4375
-2.734375
-4.951171875
-0.009765625
4.931640625
2.67578125
-3.486328125
-4.609375
0.947265625
5.09765625
1.81640625
-4.130859375
-4.091796875
1.865234375
5.09765625
0.8984375
-4.619140625
-3.447265625
2.71484375
4.921875
-0.0390625
-4.9609375
-2.71484375
3.466796875
4.5703125
-0.99609375
-5.126953125
-1.8359375
4.1015625
4.0234375
-1.962890625
-5.1171875
-0.859375
4.62890625
3.369140625
-2.802734375
-4.921875
0.078125
4.94140625
2.587890625
-3.5546875
-4.560546875
1.044921875
5.107421875
1.73828125
-4.169921875
-4.04296875
1.93359375
5.087890625
0.8203125
-4.66796875
-3.37890625
2.79296875
4.8828125
-0.126953125
-4.990234375
-2.607421875
3.53515625
4.521484375
-1.09375
-5.13671875
-1.73828125
4.169921875
3.955078125
-2.05078125
-5.107421875
-0.76171875
4.66796875
3.291015625
-2.890625
-4.892578125
0.1953125
4.98046875
2.5
-3.6328125
-4.51171875
1.15234375
5.1171875
1.630859375
-4.23828125
-3.974609375
2.041015625
5.068359375
0.703125
-4.70703125
-3.291015625
2.890625
4.853515625
-0.25390625
-5.01953125
-2.509765625
3.623046875
4.462890625
-1.201171875
-5.126953125
-1.630859375
4.23828125
3.92578125
-2.08984375
-5.09765625
-0.68359375
4.6875
3.2421875
-2.939453125
-4.873046875
0.25390625
5.0
2.40234375
-3.7109375
-4.453125
1.259765625
5.1171875
1.5234375
-4.306640625
-3.896484375
2.158203125
5.048828125
0.5859375
-4.755859375
-3.203125
2.98828125
4.814453125
-0.380859375
-5.0390625
-2.412109375
3.7109375
4.4140625
-1.318359375
-5.126953125
-1.513671875
4.296875
3.837890625
-2.20703125
-5.078125
-0.576171875
4.736328125
3.154296875
-3.02734375
-4.82421875
0.37109375
5.009765625
2.36328125
-3.740234375
-4.39453125
1.357421875
5.1171875
1.416015625
-4.365234375
-3.828125
2.255859375
5.029296875
0.478515625
-4.794921875
-3.134765625
3.076171875
4.775390625
-0.46875
-5.05859375
-2.314453125
3.759765625
4.365234375
-1.40625
-5.146484375
-1.42578125
4.35546875
3.779296875
-2.294921875
-5.05859375
-0.48828125
4.765625
3.0859375
-3.115234375
-4.794921875
0.46875
5.029296875
2.265625
-3.80859375
-4.375
1.40625
5.1171875
1.318359375
-4.423828125
-3.759765625
2.34375
5.009765625
0.380859375
-4.833984375
-3.037109375
3.14453125
4.74609375
-0.556640625
-5.078125
-2.216796875
3.837890625
4.306640625
-1.50390625
-5.146484375
-1.328125
4.39453125
3.7109375
-2.392578125
-5.048828125
-0.4296875
4.8046875
2.998046875
-3.193359375
-4.765625
0.56640625
5.048828125
2.12890625
-3.916015625
-4.287109375
1.552734375
5.1171875
1.23046875
-4.462890625
-3.69140625
2.431640625
4.990234375
0.2734375
-4.86328125
-2.958984375
3.22265625
4.697265625
-0.6640625
-5.087890625
-2.138671875
3.896484375
4.248046875
-1.591796875
-5.146484375
-1.240234375
4.443359375
3.65234375
-2.470703125
-5.029296875
-0.302734375
4.84375
2.9296875
-3.26171875
-4.70703125
0.712890625
5.068359375
2.041015625
-3.974609375
-4.23828125
1.630859375
5.107421875
1.15234375
-4.51171875
-3.6328125
2.5
4.98046875
0.1953125
-4.892578125
-2.890625
3.291015625
4.66796875
-0.7421875
-5.107421875
-2.05078125
3.955078125
4.19921875
-1.6796875
-5.13671875
-1.15234375
4.4921875
3.544921875
-2.59765625
-5.0
-0.146484375
4.8828125
2.802734375
-3.369140625
-4.658203125
0.791015625
5.078125
1.962890625
-4.033203125
-4.189453125
1.71875
5.107421875
1.07421875
-4.55078125
-3.57421875
2.55859375
4.951171875
0.048828125
-4.931640625
-2.783203125
3.388671875
4.609375
-0.87890625
-5.1171875
-1.93359375
4.033203125
4.130859375
-1.796875
-5.126953125
-1.03515625
4.55078125
3.49609375
-2.646484375
-4.98046875
-0.107421875
4.90234375
2.75390625
-3.41796875
-4.638671875
0.859375
5.09765625
1.845703125
-4.111328125
-4.111328125
1.8359375
5.087890625
0.927734375
-4.619140625
-3.466796875
2.6953125
4.921875
-0.029296875
-4.9609375
-2.705078125
3.45703125
4.5703125
-0.986328125
-5.13671875
-1.845703125
4.1015625
4.0625
-1.89453125
-5.126953125
-0.927734375
4.599609375
3.41796875
-2.75390625
-4.94140625
0.01953125
4.931640625
2.646484375
-3.505859375
-4.58984375
0.9765625
5.09765625
1.796875
-4.140625
-4.08203125
1.884765625
5.078125
0.8203125
-4.658203125
-3.388671875
2.783203125
4.892578125
-0.126953125
-4.990234375
-2.6171875
3.53515625
4.53125
-1.083984375
-5.13671875
-1.748046875
4.16015625
4.00390625
-1.9921875
-5.107421875
-0.830078125
4.638671875
3.33984375
-2.83203125
-4.921875
0.1171875
4.9609375
2.578125
-3.564453125
-4.521484375
1.11328125
5.1171875
1.650390625
-4.228515625
-3.994140625
2.021484375
5.068359375
0.732421875
-4.697265625
-3.3203125
2.861328125
4.873046875
-0.224609375
-5.009765625
-2.548828125
3.59375
4.4921875
-1.15234375
-5.146484375
-1.6796875
4.19921875
3.955078125
-2.060546875
-5.107421875
-0.693359375
4.697265625
3.2421875
-2.94921875
-4.873046875
0.25390625
4.990234375
2.4609375
-3.671875
-4.482421875
1.201171875
5.1171875
1.58203125
-4.267578125
-3.935546875
2.099609375
5.05859375
0.654296875
-4.7265625
-3.26171875
2.9296875
4.84375
-0.302734375
-5.01953125
-2.470703125
3.65234375
4.443359375
-1.240234375
-5.146484375
-1.533203125
4.287109375
3.857421875
-2.197265625
-5.078125
-0.60546875
4.7265625
3.1640625
-3.017578125
-4.84375
0.3515625
5.0
2.373046875
-3.740234375
-4.43359375
1.279296875
5.1171875
1.494140625
-4.31640625
-3.876953125
2.1875
5.0390625
0.556640625
-4.765625
-3.18359375
3.0078125
4.8046875
-0.400390625
-5.048828125
-2.392578125
3.720703125
4.39453125
-1.38671875
-5.146484375
-1.4453125
4.3359375
