2.8125
-5.146484375
2.421875
2.65625
-5.146484375
2.5
2.578125
-5.15625
2.587890625
2.490234375
-5.146484375
2.67578125
2.40234375
-5.146484375
2.763671875
2.3046875
-5.13671875
2.8515625
2.24609375
-5.13671875
2.91015625
2.1484375
-5.126953125
2.98828125
2.060546875
-5.1171875
3.076171875
1.97265625
-5.107421875
3.14453125
1.884765625
-5.087890625
3.232421875
1.787109375
-5.078125
3.30078125
1.66015625
-5.05859375
3.37890625
1.6015625
-5.0390625
3.4375
1.5234375
-5.029296875
3.505859375
1.42578125
-4.990234375
3.583984375
1.328125
-4.970703125
3.65234375
1.23046875
-4.931640625
3.720703125
1.142578125
-4.921875
3.779296875
1.064453125
-4.892578125
3.837890625
0.966796875
-4.86328125
3.916015625
0.869140625
-4.82421875
3.96484375
0.771484375
-4.794921875
4.033203125
0.6640625
-4.74609375
4.091796875
0.56640625
-4.716796875
4.140625
0.498046875
-4.677734375
4.19921875
0.390625
-4.638671875
4.2578125
0.29296875
-4.58984375
4.306640625
0.185546875
-4.541015625
4.365234375
0.09765625
-4.51171875
4.404296875
0.0
-4.462890625
4.453125
-0.087890625
-4.404296875
4.501953125
-0.185546875
-4.35546875
4.55078125
-0.29296875
-4.3359375
4.599609375
-0.390625
-4.248046875
4.6484375
-0.48828125
-4.19921875
4.66796875
-0.56640625
-4.140625
4.70703125
-0.6640625
-4.08203125
4.74609375
-0.76171875
-4.0234375
4.78515625
-0.869140625
-3.935546875
4.82421875
-0.966796875
-3.90625
4.84375
-1.03515625
-3.837890625
4.8828125
-1.142578125
-3.76953125
4.912109375
-1.240234375
-3.701171875
4.931640625
-1.337890625
-3.6328125
4.9609375
-1.435546875
-3.57421875
4.98046875
-1.50390625
-3.505859375
5.0
-1.6015625
-3.427734375
5.01953125
-1.69921875
-3.349609375
5.0
-1.796875
-3.271484375
5.05859375
-1.865234375
-3.212890625
5.068359375
-1.962890625
-3.115234375
5.078125
-2.05078125
-3.056640625
5.09765625
-2.1484375
-2.96875
5.09765625
-2.236328125
-2.880859375
5.107421875
-2.314453125
-2.822265625
5.1171875
-2.392578125
-2.734375
5.1171875
-2.490234375
-2.646484375
5.1171875
-2.578125
-2.568359375
5.1171875
-2.65625
-2.470703125
5.1171875
-2.744140625
-2.392578125
5.1171875
-2.8125
-2.32421875
5.1171875
-2.890625
-2.236328125
5.107421875
-2.978515625
-2.138671875
5.087890625
-3.06640625
-2.041015625
5.078125
-3.134765625
-1.97265625
5.068359375
-3.203125
-1.884765625
5.05859375
-3.28125
-1.77734375
5.0390625
-3.349609375
-1.689453125
5.01953125
-3.4375
-1.591796875
5.0
-3.486328125
-1.513671875
4.98046875
-3.564453125
-1.416015625
4.9609375
-3.642578125
-1.318359375
4.931640625
-3.7109375
-1.220703125
4.912109375
-3.759765625
-1.15234375
4.8828125
-3.837890625
-1.044921875
4.84375
-3.896484375
-0.947265625
4.833984375
-3.96484375
-0.849609375
4.78515625
-4.013671875
-0.76171875
4.755859375
-4.072265625
-0.654296875
4.70703125
-4.140625
-0.56640625
4.677734375
-4.19921875
-0.46875
4.62890625
-4.2578125
-0.361328125
4.599609375
-4.306640625
-0.29296875
4.55078125
-4.35546875
-0.185546875
4.501953125
-4.404296875
-0.087890625
4.453125
-4.462890625
0.0
4.404296875
-4.51171875
0.107421875
4.35546875
-4.55078125
0.185546875
4.31640625
-4.58984375
0.29296875
4.2578125
-4.62890625
0.390625
4.19921875
-4.677734375
0.498046875
4.140625
-4.74609375
0.595703125
4.08203125
-4.755859375
0.693359375
4.033203125
-4.78515625
0.76171875
3.974609375
-4.82421875
0.869140625
3.90625
-4.853515625
0.966796875
3.84765625
-4.892578125
1.064453125
3.779296875
-4.921875
1.15234375
3.73046875
-4.951171875
1.25
3.6328125
-4.970703125
1.328125
3.583984375
-5.0
1.435546875
3.515625
-5.01953125
1.5234375
3.4375
-5.048828125
1.591796875
3.359375
-5.05859375
1.689453125
3.30078125
-5.078125
1.787109375
3.232421875
-5.087890625
1.875
3.14453125
-5.107421875
1.982421875
3.06640625
-5.1171875
2.060546875
3.0078125
-5.126953125
2.1484375
2.919921875
-5.13671875
2.2265625
2.841796875
-5.146484375
2.32421875
2.75390625
-5.146484375
2.412109375
2.67578125
-5.146484375
2.5
2.578125
-5.146484375
2.578125
2.5
-5.146484375
2.646484375
2.431640625
-5.146484375
2.734375
2.34375
-5.146484375
2.822265625
2.255859375
-5.126953125
2.900390625
2.177734375
-5.126953125
2.98828125
2.0703125
-5.126953125
3.046875
1.9921875
-5.107421875
3.125
1.904296875
-5.087890625
3.203125
1.81640625
-5.078125
3.291015625
1.71875
-5.05859375
3.359375
1.62109375
-5.048828125
3.41796875
1.54296875
-5.01953125
3.49609375
1.46484375
-5.009765625
3.57421875
1.34765625
-4.98046875
3.6328125
1.259765625
-4.951171875
3.7109375
1.181640625
-4.931640625
3.759765625
1.083984375
-4.90234375
3.828125
0.986328125
-4.86328125
3.896484375
0.888671875
-4.833984375
3.955078125
0.791015625
-4.794921875
4.0234375
0.693359375
-4.765625
4.08203125
0.615234375
-4.736328125
4.130859375
0.5078125
-4.697265625
4.189453125
0.41015625
-4.6484375
4.248046875
0.3125
-4.599609375
4.296875
0.21484375
-4.560546875
4.3359375
0.126953125
-4.521484375
4.39453125
0.01953125
-4.462890625
4.443359375
-0.068359375
-4.4140625
4.4921875
-0.17578125
-4.365234375
4.541015625
-0.2734375
-4.326171875
4.580078125
-0.3515625
-4.267578125
4.619140625
-0.44921875
-4.208984375
4.677734375
-0.556640625
-4.150390625
4.697265625
-0.634765625
-4.091796875
4.74609375
-0.7421875
-4.033203125
4.775390625
-0.83984375
-3.974609375
4.814453125
-0.91796875
-3.916015625
4.84375
-1.015625
-3.857421875
4.86328125
-1.123046875
-3.779296875
4.90234375
-1.220703125
-3.720703125
4.931640625
-1.318359375
-3.662109375
4.951171875
-1.38671875
-3.59375
4.98046875
-1.494140625
-3.515625
5.0
-1.58203125
-3.447265625
5.01953125
-1.6796875
-3.349609375
5.0390625
-1.767578125
-3.310546875
5.048828125
-1.85546875
-3.251953125
5.068359375
-1.943359375
-3.14453125
5.078125
-2.041015625
-3.056640625
5.087890625
-2.109375
-2.998046875
5.09765625
-2.20703125
-2.919921875
5.107421875
-2.28515625
-2.83203125
5.1171875
-2.3828125
-2.744140625
5.1171875
-2.470703125
-2.666015625
5.1171875
-2.55859375
-2.59765625
5.1171875
-2.626953125
-2.509765625
5.1171875
-2.705078125
-2.421875
5.1171875
-2.79296875
-2.333984375
5.1171875
-2.890625
-2.255859375
5.107421875
-2.94921875
-2.16796875
5.09765625
-3.02734375
-2.060546875
5.078125
-3.10546875
-1.982421875
5.068359375
-3.193359375
-1.884765625
5.05859375
-3.271484375
-1.796875
5.0390625
-3.330078125
-1.728515625
5.029296875
-3.388671875
-1.62109375
5.009765625
-3.486328125
-1.5234375
4.990234375
-3.544921875
-1.435546875
4.9609375
-3.6328125
-1.357421875
4.94140625
-3.681640625
-1.259765625
4.912109375
-3.759765625
-1.181640625
4.8828125
-3.818359375
-1.07421875
4.853515625
-3.88671875
-0.95703125
4.82421875
-3.955078125
-0.888671875
4.794921875
-4.00390625
-0.791015625
4.765625
-4.08203125
-0.693359375
4.7265625
-4.12109375
-0.595703125
4.6875
-4.1796875
-0.48828125
4.6484375
-4.23828125
-0.390625
4.599609375
-4.296875
-0.29296875
4.560546875
-4.345703125
-0.21484375
4.521484375
-4.39453125
-0.1171875
4.47265625
-4.443359375
-0.009765625
4.4140625
-4.4921875
0.068359375
4.375
-4.55078125
0.146484375
4.326171875
-4.580078125
0.263671875
4.27734375
-4.62890625
0.341796875
4.21875
-4.66796875
0.46875
4.16015625
-4.70703125
0.5859375
4.091796875
-4.74609375
0.6640625
4.052734375
-4.78515625
0.7421875
3.984375
-4.794921875
0.83984375
3.92578125
-4.853515625
0.947265625
3.857421875
-4.8828125
1.044921875
3.779296875
-4.912109375
1.123046875
3.740234375
-4.94140625
1.2109375
3.681640625
-4.970703125
1.318359375
3.59375
-4.98046875
1.40625
3.515625
-5.01953125
1.484375
3.466796875
-5.029296875
1.58203125
3.3984375
-5.048828125
1.669921875
3.3203125
-5.068359375
1.767578125
3.2421875
-5.087890625
1.875
3.1640625
-5.107421875
1.953125
3.095703125
-5.1171875
2.03125
3.017578125
-5.1171875
2.12890625
2.9296875
-5.13671875
2.216796875
2.8515625
-5.126953125
2.3046875
2.7734375
-5.146484375
2.373046875
2.705078125
-5.146484375
2.4609375
2.6171875
-5.15625
2.548828125
2.529296875
-5.146484375
2.63671875
2.44140625
-5.146484375
2.724609375
2.353515625
-5.13671875
2.8125
2.28515625
-5.13671875
2.87109375
2.1875
-5.126953125
2.94921875
2.099609375
-5.126953125
3.046875
2.001953125
-5.146484375
3.125
1.9140625
-5.09765625
3.173828125
1.845703125
-5.087890625
3.26171875
1.748046875
-5.068359375
3.33984375
1.650390625
-5.0390625
3.408203125
1.552734375
-5.029296875
3.466796875
1.474609375
-5.009765625
3.544921875
1.38671875
-4.990234375
3.623046875
1.279296875
-4.951171875
3.69140625
1.2109375
-4.931640625
3.759765625
1.11328125
-4.90234375
3.80859375
1.005859375
-4.873046875
3.88671875
0.908203125
-4.84375
3.9453125
0.810546875
-4.814453125
4.013671875
0.703125
-4.765625
4.052734375
0.634765625
-4.736328125
4.111328125
0.546875
-4.697265625
4.169921875
0.439453125
-4.658203125
4.248046875
0.341796875
-4.609375
4.27734375
0.244140625
-4.5703125
4.306640625
0.126953125
-4.521484375
4.384765625
0.048828125
-4.482421875
4.43359375
-0.048828125
-4.4140625
4.482421875
-0.146484375
-4.384765625
4.53125
-0.244140625
-4.31640625
4.5703125
-0.380859375
-4.267578125
4.619140625
-0.44921875
-4.228515625
4.6484375
-0.517578125
-4.169921875
4.6875
-0.615234375
-4.111328125
4.7265625
-0.712890625
-4.04296875
4.765625
-0.8203125
-3.984375
4.8046875
-0.91796875
-3.916015625
4.84375
-1.015625
-3.876953125
4.86328125
-1.09375
-3.80859375
4.892578125
-1.19140625
-3.740234375
4.921875
-1.279296875
-3.671875
4.9609375
-1.38671875
-3.59375
4.9609375
-1.455078125
-3.53515625
4.990234375
-1.552734375
-3.447265625
5.009765625
-1.650390625
-3.388671875
5.029296875
-1.748046875
-3.310546875
5.0390625
-1.81640625
-3.2421875
5.05859375
-1.923828125
-3.1640625
5.078125
-2.01171875
-3.0859375
5.087890625
-2.109375
-2.998046875
5.09765625
-2.177734375
-2.939453125
5.107421875
-2.275390625
-2.8515625
5.107421875
-2.36328125
-2.7734375
5.13671875
-2.451171875
-2.67578125
5.1171875
-2.51953125
-2.6171875
5.13671875
-2.6171875
-2.51953125
5.1171875
-2.705078125
-2.431640625
5.1171875
-2.763671875
-2.36328125
5.1171875
-2.8515625
-2.275390625
5.1171875
-2.9296875
-2.1875
5.09765625
-3.017578125
-2.08984375
5.087890625
-3.095703125
-1.9921875
5.068359375
-3.173828125
-1.923828125
5.068359375
-3.232421875
-1.8359375
5.0390625
-3.310546875
-1.73828125
5.029296875
-3.3984375
-1.640625
5.009765625
-3.466796875
-1.552734375
5.0
-3.53515625
-1.4453125
4.9609375
-3.61328125
-1.357421875
4.951171875
-3.671875
-1.279296875
4.921875
-3.740234375
-1.19140625
4.892578125
-3.798828125
-1.083984375
4.853515625
-3.90625
-0.986328125
4.833984375
-3.935546875
-0.91796875
4.8046875
-3.984375
-0.8203125
4.765625
-4.052734375
-0.712890625
4.7265625
-4.111328125
-0.615234375
4.6875
-4.169921875
-0.517578125
4.658203125
-4.21875
-0.439453125
4.609375
-4.27734375
-0.33203125
4.5703125
-4.326171875
-0.234375
4.521484375
-4.384765625
-0.15625
4.482421875
-4.423828125
-0.048828125
4.43359375
-4.482421875
0.048828125
4.375
-4.5703125
0.146484375
4.3359375
-4.580078125
0.25390625
4.287109375
-4.609375
0.341796875
4.228515625
-4.658203125
0.419921875
4.1796875
-4.697265625
0.537109375
4.12109375
-4.736328125
0.634765625
4.0625
-4.765625
0.732421875
3.994140625
-4.814453125
0.810546875
3.9453125
-4.84375
0.8984375
3.876953125
-4.873046875
1.015625
3.80859375
-4.90234375
1.103515625
3.75
-4.94140625
1.2109375
3.671875
-4.970703125
1.298828125
3.603515625
-4.98046875
1.376953125
3.5546875
-5.009765625
1.474609375
3.4765625
-5.029296875
1.572265625
3.3984375
-5.048828125
1.669921875
3.330078125
-5.068359375
1.73828125
3.26171875
-5.087890625
1.8359375
3.193359375
-5.09765625
1.93359375
3.10546875
-5.107421875
2.01171875
3.037109375
-5.126953125
2.080078125
2.94921875
