-4.619140625
2.958984375
-0.537109375
-2.080078125
4.1015625
-5.1171875
4.736328125
-3.18359375
0.751953125
1.826171875
-3.984375
5.0390625
-4.853515625
3.33984375
-1.005859375
-1.630859375
3.7890625
-5.029296875
4.90234375
-3.544921875
1.23046875
1.3671875
-3.662109375
4.94140625
-5.0
3.69140625
-1.513671875
-1.162109375
3.45703125
-4.90234375
5.0390625
-3.88671875
1.689453125
0.8984375
-3.291015625
4.78515625
-5.087890625
4.013671875
-1.943359375
-0.68359375
3.0859375
-4.7265625
5.09765625
-4.189453125
2.158203125
0.41015625
-2.91015625
4.599609375
-5.13671875
4.296875
-2.421875
-0.205078125
2.685546875
-4.51171875
5.1171875
-4.453125
2.578125
-0.048828125
-2.509765625
4.375
-5.146484375
4.53125
-2.79296875
0.263671875
2.275390625
-4.267578125
5.107421875
-4.66796875
2.958984375
-0.537109375
-2.08984375
4.1015625
-5.107421875
4.7265625
-3.173828125
0.7421875
1.8359375
-3.984375
5.01953125
-4.853515625
3.33984375
-1.015625
-1.611328125
3.7890625
-5.01953125
4.892578125
-3.544921875
1.23046875
1.3671875
-3.65234375
4.94140625
-5.0
3.701171875
-1.494140625
-1.15234375
3.447265625
-4.892578125
5.009765625
-3.88671875
1.689453125
0.8984375
-3.291015625
4.794921875
-5.087890625
4.013671875
-1.953125
-0.673828125
3.076171875
-4.7265625
5.087890625
-4.169921875
2.119140625
0.4296875
-2.9296875
4.609375
-5.146484375
4.287109375
-2.36328125
-0.21484375
2.6953125
-4.521484375
5.1171875
-4.443359375
2.55859375
-0.05859375
-2.509765625
4.375
-5.146484375
4.53125
-2.802734375
0.2734375
2.265625
-4.267578125
5.107421875
-4.66796875
2.96875
-0.546875
-2.0703125
4.091796875
-5.107421875
4.74609375
-3.193359375
0.76171875
1.845703125
-3.994140625
5.0390625
-4.84375
3.330078125
-0.99609375
-1.640625
3.80859375
-5.029296875
4.892578125
-3.53515625
1.2109375
1.376953125
-3.671875
4.94140625
-4.990234375
3.681640625
-1.484375
-1.171875
3.45703125
-4.90234375
5.01953125
-3.876953125
1.6796875
0.8984375
-3.30078125
4.78515625
-5.087890625
4.00390625
-1.93359375
-0.68359375
3.0859375
-4.736328125
5.09765625
-4.189453125
2.099609375
0.4296875
-2.91015625
4.599609375
-5.13671875
4.296875
-2.3828125
-0.234375
2.705078125
-4.53125
5.1171875
-4.43359375
2.5390625
-0.0390625
-2.529296875
4.375
-5.15625
4.521484375
-2.7734375
0.25390625
2.28515625
-4.27734375
5.107421875
-4.66796875
2.958984375
-0.52734375
-2.080078125
4.1015625
-5.107421875
4.736328125
-3.173828125
0.7421875
1.8359375
-3.984375
5.048828125
-4.853515625
3.33984375
-1.005859375
-1.630859375
3.798828125
-5.029296875
4.892578125
-3.544921875
1.2109375
1.38671875
-3.662109375
4.951171875
-4.990234375
3.69140625
-1.474609375
-1.171875
3.466796875
-4.90234375
5.009765625
-3.876953125
1.669921875
0.91796875
-3.310546875
4.794921875
-5.087890625
4.00390625
-1.923828125
-0.703125
3.095703125
-4.736328125
5.087890625
-4.169921875
2.119140625
0.439453125
-2.9296875
4.609375
-5.13671875
4.287109375
-2.373046875
-0.21484375
2.6953125
-4.521484375
5.1171875
-4.43359375
2.5390625
-0.048828125
-2.509765625
4.375
-5.146484375
4.53125
-2.783203125
0.2734375
2.275390625
-4.267578125
5.107421875
-4.66796875
2.958984375
-0.52734375
-2.080078125
4.111328125
-5.107421875
4.74609375
-3.18359375
0.7421875
1.826171875
-3.984375
5.0390625
-4.853515625
3.33984375
-1.015625
-1.630859375
3.798828125
-5.029296875
4.90234375
-3.5546875
1.23046875
1.3671875
-3.662109375
4.951171875
-4.98046875
3.69140625
-1.4453125
-1.19140625
3.4765625
-4.912109375
5.009765625
-3.857421875
1.66015625
0.927734375
-3.3203125
4.8046875
-5.087890625
3.994140625
-1.9140625
-0.703125
3.10546875
-4.736328125
5.087890625
-4.169921875
2.119140625
0.4296875
-2.9296875
4.609375
-5.13671875
4.27734375
-2.36328125
-0.224609375
2.705078125
-4.53125
5.1171875
-4.443359375
2.568359375
-0.048828125
-2.509765625
4.375
-5.146484375
4.53125
-2.763671875
0.234375
2.294921875
-4.287109375
5.107421875
-4.658203125
2.939453125
-0.517578125
-2.109375
4.12109375
-5.107421875
4.7265625
-3.173828125
0.732421875
1.845703125
-3.994140625
5.048828125
-4.853515625
3.330078125
-0.99609375
-1.640625
3.798828125
-5.05859375
4.892578125
-3.544921875
1.2109375
1.38671875
-3.671875
4.94140625
-4.990234375
3.681640625
-1.474609375
-1.171875
3.45703125
-4.912109375
5.0
-3.857421875
1.650390625
0.9375
-3.330078125
4.8046875
-5.087890625
3.984375
-1.9140625
-0.712890625
3.10546875
-4.736328125
5.087890625
-4.16015625
2.109375
0.44921875
-2.939453125
4.609375
-5.146484375
4.287109375
-2.353515625
-0.263671875
2.6953125
-4.53125
5.1171875
-4.443359375
2.548828125
-0.048828125
-2.51953125
4.375
-5.15625
4.521484375
-2.783203125
0.263671875
2.275390625
-4.27734375
5.107421875
-4.66796875
2.958984375
-0.52734375
-2.08984375
4.1015625
-5.107421875
4.736328125
-3.154296875
0.703125
1.865234375
-4.00390625
5.048828125
-4.833984375
3.330078125
-1.005859375
-1.640625
3.80859375
-5.0390625
4.8828125
-3.525390625
1.19140625
1.40625
-3.69140625
4.951171875
-4.98046875
3.671875
-1.455078125
-1.201171875
3.486328125
-4.912109375
5.01953125
-3.857421875
1.650390625
0.9375
-3.3203125
4.8046875
-5.078125
3.984375
-1.904296875
-0.712890625
3.115234375
-4.74609375
5.087890625
-4.169921875
2.109375
0.44921875
-2.939453125
4.609375
-5.13671875
4.27734375
-2.353515625
-0.234375
2.705078125
-4.53125
5.1171875
-4.43359375
2.5390625
-0.0390625
-2.51953125
4.375
-5.15625
4.521484375
-2.7734375
0.25390625
2.28515625
-4.27734375
5.107421875
-4.658203125
2.94921875
-0.517578125
-2.08984375
4.111328125
-5.107421875
4.7265625
-3.14453125
0.703125
1.875
-4.013671875
5.048828125
-4.833984375
3.310546875
-0.9765625
-1.66015625
3.818359375
-5.05859375
4.8828125
-3.525390625
1.19140625
1.40625
-3.681640625
4.951171875
-4.990234375
3.671875
-1.455078125
-1.201171875
3.4765625
-4.912109375
5.0
-3.857421875
1.650390625
0.9375
-3.330078125
4.8046875
-5.087890625
3.984375
-1.9140625
-0.712890625
3.10546875
-4.736328125
5.087890625
-4.169921875
2.109375
0.44921875
-2.96875
4.62890625
-5.13671875
4.2578125
-2.333984375
-0.25390625
2.734375
-4.541015625
5.1171875
-4.423828125
2.51953125
-0.009765625
-2.548828125
4.39453125
-5.146484375
4.51171875
-2.75390625
0.224609375
2.3046875
-4.296875
5.107421875
-4.6484375
2.9296875
-0.498046875
-2.119140625
4.140625
-5.1171875
4.7265625
-3.154296875
0.712890625
1.865234375
-4.00390625
5.048828125
-4.84375
3.310546875
-0.9765625
-1.66015625
3.818359375
-5.0390625
4.892578125
-3.525390625
1.19140625
1.396484375
-3.681640625
4.951171875
-4.98046875
3.671875
-1.42578125
-1.220703125
3.49609375
-4.912109375
5.009765625
-3.84765625
1.640625
0.947265625
-3.33984375
4.8046875
-5.09765625
3.984375
-1.89453125
-0.7421875
3.125
-4.74609375
5.087890625
-4.150390625
2.08984375
0.46875
-2.94921875
4.619140625
-5.13671875
4.267578125
-2.333984375
-0.244140625
2.724609375
-4.541015625
5.13671875
-4.43359375
2.529296875
-0.029296875
-2.529296875
4.384765625
-5.146484375
4.51171875
-2.763671875
0.244140625
2.294921875
-4.287109375
5.107421875
-4.658203125
2.939453125
-0.517578125
-2.099609375
4.130859375
-5.1171875
4.716796875
-3.134765625
0.693359375
1.875
-4.013671875
5.05859375
-4.833984375
3.310546875
-0.966796875
-1.66015625
3.818359375
-5.0390625
4.8828125
-3.525390625
1.19140625
1.40625
-3.681640625
4.951171875
-4.98046875
3.671875
-1.42578125
-1.220703125
3.49609375
-4.921875
5.0
-3.84765625
1.630859375
0.95703125
-3.349609375
4.814453125
-5.078125
3.994140625
-1.884765625
-0.732421875
3.125
-4.74609375
5.087890625
-4.150390625
2.08984375
0.46875
-2.958984375
4.619140625
-5.13671875
4.267578125
-2.333984375
-0.25390625
2.724609375
-4.541015625
5.1171875
-4.4140625
2.51953125
-0.01953125
-2.5390625
4.384765625
-5.146484375
4.501953125
-2.744140625
0.21484375
2.314453125
-4.306640625
5.107421875
-4.638671875
2.91015625
-0.478515625
-2.12890625
4.140625
-5.1171875
4.716796875
-3.14453125
0.703125
1.875
-4.00390625
5.048828125
-4.833984375
3.30078125
-0.95703125
-1.669921875
3.818359375
-5.0390625
4.8828125
-3.505859375
1.162109375
1.435546875
-3.701171875
4.9609375
-4.98046875
3.65234375
-1.42578125
-1.220703125
3.505859375
-4.921875
5.009765625
-3.84765625
1.640625
0.947265625
-3.33984375
4.8046875
-5.078125
3.984375
-1.89453125
-0.732421875
3.125
-4.74609375
5.087890625
-4.150390625
2.099609375
0.458984375
-2.978515625
4.62890625
-5.13671875
4.248046875
-2.32421875
-0.2734375
2.744140625
-4.55078125
5.1171875
-4.423828125
2.509765625
-0.009765625
-2.548828125
4.39453125
-5.13671875
4.51171875
-2.75390625
0.234375
2.3046875
-4.306640625
5.1171875
-4.638671875
2.900390625
-0.478515625
-2.138671875
4.140625
-5.1171875
4.716796875
-3.134765625
0.693359375
1.884765625
-4.013671875
5.05859375
-4.833984375
3.30078125
-0.966796875
-1.6796875
3.828125
-5.0390625
4.8828125
-3.505859375
1.171875
1.42578125
-3.701171875
4.9609375
-4.98046875
3.662109375
-1.435546875
-1.220703125
3.49609375
-4.912109375
5.0
-3.84765625
1.640625
0.9375
-3.330078125
4.82421875
-5.078125
3.96484375
-1.865234375
-0.76171875
3.134765625
-4.765625
5.087890625
-4.140625
2.0703125
0.48828125
-2.96875
4.638671875
-5.13671875
4.2578125
-2.32421875
-0.263671875
2.734375
-4.541015625
5.1171875
-4.423828125
2.51953125
-0.01953125
-2.568359375
4.404296875
-5.15625
4.4921875
-2.734375
0.1953125
2.32421875
-4.31640625
5.107421875
-4.638671875
2.91015625
-0.478515625
-2.12890625
4.140625
-5.1171875
4.7265625
-3.14453125
0.703125
1.875
-4.0234375
5.05859375
-4.82421875
3.28125
-0.947265625
-1.689453125
3.857421875
-5.048828125
4.8828125
-3.505859375
1.162109375
1.42578125
-3.701171875
4.951171875
-4.98046875
3.65234375
-1.42578125
-1.220703125
3.49609375
-4.921875
4.970703125
-3.84765625
1.630859375
0.947265625
-3.33984375
4.82421875
-5.078125
3.955078125
-1.865234375
-0.771484375
3.154296875
-4.765625
5.078125
-4.140625
2.0703125
0.498046875
-2.96875
4.62890625
-5.13671875
4.2578125
-2.32421875
-0.2734375
2.744140625
-4.55078125
5.1171875
-4.4140625
2.509765625
-0.009765625
-2.548828125
4.39453125
-5.146484375
4.4921875
-2.724609375
0.1953125
2.333984375
-4.31640625
5.107421875
-4.638671875
2.900390625
-0.46875
-2.1484375
4.140625
-5.1171875
4.70703125
-3.125
0.673828125
1.89453125
-4.033203125
5.05859375
-4.82421875
3.28125
-0.947265625
-1.6796875
3.84765625
-5.0390625
4.873046875
-3.49609375
1.15234375
1.4453125
-3.7109375
4.9609375
-4.98046875
3.65234375
-1.416015625
-1.23046875
3.505859375
-4.921875
5.0
-3.828125
1.630859375
0.95703125
-3.349609375
4.814453125
-5.078125
3.974609375
-1.884765625
-0.7421875
3.154296875
-4.765625
5.078125
-4.130859375
2.060546875
0.498046875
-2.978515625
4.62890625
-5.13671875
4.248046875
-2.3046875
-0.283203125
2.744140625
-4.55078125
5.1171875
-4.404296875
2.5
0.0
-2.568359375
4.404296875
-5.146484375
4.51171875
-2.734375
0.21484375
2.32421875
-4.306640625
5.1171875
-4.62890625
2.890625
-0.44921875
-2.158203125
4.150390625
-5.126953125
4.7265625
-3.125
0.673828125
1.89453125
-4.0234375
5.05859375
-4.82421875
3.28125
-0.9375
-1.689453125
3.837890625
-5.048828125
4.8828125
-3.505859375
1.162109375
1.42578125
-3.720703125
4.9609375
-4.970703125
3.6328125
-1.40625
-1.25
3.515625
-4.931640625
5.0
-3.837890625
1.611328125
0.966796875
-3.359375
4.814453125
-5.107421875
3.96484375
-1.875
-0.751953125
3.134765625
-4.765625
5.078125
-4.130859375
2.05078125
0.5078125
-2.98828125
4.638671875
-5.1171875
4.23828125
-2.3046875
-0.29296875
2.75390625
-4.560546875
5.1171875
-4.404296875
2.5
0.009765625
-2.568359375
4.404296875
-5.166015625
4.4921875
