1.279296875
-5.009765625
-1.19140625
4.98046875
1.1328125
-5.029296875
-1.11328125
5.0
1.03515625
-5.048828125
-1.015625
5.01953125
0.947265625
-5.068359375
-0.908203125
5.0390625
0.83984375
-5.087890625
-0.810546875
5.05859375
0.703125
-5.09765625
-0.712890625
5.068359375
0.654296875
-5.107421875
-0.634765625
5.078125
0.56640625
-5.126953125
-0.546875
5.09765625
0.46875
-5.13671875
-0.439453125
5.09765625
0.37109375
-5.13671875
-0.341796875
5.107421875
0.2734375
-5.146484375
-0.283203125
5.1171875
0.17578125
-5.146484375
-0.13671875
5.1171875
0.05859375
-5.15625
-0.048828125
5.1171875
-0.009765625
-5.15625
0.01953125
5.1171875
-0.107421875
-5.146484375
0.126953125
5.1171875
-0.21484375
-5.146484375
0.234375
5.1171875
-0.302734375
-5.146484375
0.33203125
5.107421875
-0.400390625
-5.13671875
0.4296875
5.09765625
-0.5078125
-5.126953125
0.52734375
5.087890625
-0.5859375
-5.1171875
0.615234375
5.078125
-0.693359375
-5.107421875
0.703125
5.05859375
-0.80078125
-5.087890625
0.810546875
5.048828125
-0.87890625
-5.068359375
0.908203125
5.029296875
-0.9765625
-5.05859375
0.99609375
5.009765625
-1.07421875
-5.029296875
1.0546875
4.990234375
-1.201171875
-5.009765625
1.171875
4.970703125
-1.259765625
-4.990234375
1.279296875
4.951171875
-1.337890625
-4.970703125
1.357421875
4.921875
-1.435546875
-4.94140625
1.455078125
4.90234375
-1.533203125
-4.912109375
1.552734375
4.873046875
-1.62109375
-4.8828125
1.650390625
4.84375
-1.728515625
-4.853515625
1.748046875
4.8046875
-1.81640625
-4.82421875
1.81640625
4.775390625
-1.89453125
-4.78515625
1.904296875
4.736328125
-1.982421875
-4.755859375
2.021484375
4.697265625
-2.080078125
-4.70703125
2.099609375
4.658203125
-2.16796875
-4.66796875
2.158203125
4.619140625
-2.255859375
-4.62890625
2.265625
4.5703125
-2.34375
-4.58984375
2.34375
4.53125
-2.412109375
-4.541015625
2.431640625
4.4921875
-2.48046875
-4.501953125
2.51953125
4.443359375
-2.587890625
-4.443359375
2.607421875
4.384765625
-2.67578125
-4.39453125
2.6953125
4.3359375
-2.763671875
-4.345703125
2.763671875
4.296875
-2.83203125
-4.296875
2.841796875
4.23828125
-2.91015625
-4.23828125
2.9296875
4.1796875
-2.998046875
-4.1796875
3.0078125
4.12109375
-3.076171875
-4.12109375
3.095703125
4.0625
-3.134765625
-4.072265625
3.154296875
4.013671875
-3.212890625
-4.013671875
3.232421875
3.9453125
-3.291015625
-3.955078125
3.310546875
3.88671875
-3.369140625
-3.88671875
3.388671875
3.828125
-3.447265625
-3.818359375
3.41796875
3.75
-3.525390625
-3.759765625
3.525390625
3.69140625
-3.57421875
-3.701171875
3.583984375
3.6328125
-3.642578125
-3.623046875
3.65234375
3.564453125
-3.720703125
-3.5546875
3.720703125
3.49609375
-3.798828125
-3.486328125
3.80859375
3.41796875
-3.84765625
-3.41796875
3.857421875
3.349609375
-3.916015625
-3.33984375
3.916015625
3.271484375
-3.974609375
-3.26171875
3.984375
3.193359375
-4.033203125
-3.18359375
4.033203125
3.125
-4.08203125
-3.10546875
4.1015625
3.046875
-4.16015625
-3.037109375
4.150390625
2.958984375
-4.19921875
-2.96875
4.19921875
2.890625
-4.267578125
-2.880859375
4.27734375
2.8125
-4.31640625
-2.802734375
4.31640625
2.734375
-4.365234375
-2.71484375
4.375
2.646484375
-4.423828125
-2.626953125
4.423828125
2.55859375
-4.462890625
-2.548828125
4.47265625
2.48046875
-4.51171875
-2.48046875
4.501953125
2.40234375
-4.55078125
-2.392578125
4.55078125
2.32421875
-4.609375
-2.3046875
4.58984375
2.2265625
-4.638671875
-2.216796875
4.638671875
2.138671875
-4.6875
-2.119140625
4.677734375
2.05078125
-4.7265625
-2.03125
4.716796875
1.953125
-4.765625
-1.953125
4.755859375
1.884765625
-4.794921875
-1.865234375
4.78515625
1.787109375
-4.833984375
-1.77734375
4.814453125
1.69921875
-4.86328125
-1.6796875
4.853515625
1.6015625
-4.892578125
-1.58203125
4.8828125
1.513671875
-4.931640625
-1.494140625
4.921875
1.416015625
-4.951171875
-1.396484375
4.94140625
1.318359375
-4.970703125
-1.298828125
4.9609375
1.23046875
-5.009765625
-1.23046875
4.98046875
1.15234375
-5.01953125
-1.1328125
5.0
1.0546875
-5.048828125
-1.03515625
5.01953125
0.947265625
-5.05859375
-0.9375
5.048828125
0.859375
-5.078125
-0.830078125
5.068359375
0.76171875
-5.087890625
-0.7421875
5.078125
0.6640625
-5.107421875
-0.654296875
5.078125
0.5859375
-5.1171875
-0.556640625
5.087890625
0.478515625
-5.107421875
-0.458984375
5.107421875
0.380859375
-5.13671875
-0.361328125
5.107421875
0.283203125
-5.13671875
-0.263671875
5.1171875
0.185546875
-5.146484375
-0.166015625
5.1171875
0.078125
-5.146484375
-0.068359375
5.126953125
-0.009765625
-5.146484375
0.01953125
5.1171875
-0.107421875
-5.146484375
0.1171875
5.1171875
-0.185546875
-5.146484375
0.205078125
5.1171875
-0.283203125
-5.146484375
0.302734375
5.107421875
-0.380859375
-5.13671875
0.400390625
5.09765625
-0.478515625
-5.126953125
0.498046875
5.107421875
-0.576171875
-5.107421875
0.60546875
5.078125
-0.673828125
-5.09765625
0.693359375
5.068359375
-0.771484375
-5.087890625
0.791015625
5.05859375
-0.869140625
-5.068359375
0.888671875
5.029296875
-0.966796875
-5.05859375
0.986328125
5.01953125
-1.044921875
-5.048828125
1.064453125
5.0
-1.142578125
-5.01953125
1.162109375
4.98046875
-1.240234375
-5.0
1.25
4.9609375
-1.328125
-4.970703125
1.34765625
4.931640625
-1.42578125
-4.94140625
1.4453125
4.90234375
-1.5234375
-4.912109375
1.54296875
4.8828125
-1.6015625
-4.892578125
1.62109375
4.84375
-1.69921875
-4.86328125
1.71875
4.78515625
-1.787109375
-4.82421875
1.806640625
4.78515625
-1.884765625
-4.78515625
1.89453125
4.74609375
-1.97265625
-4.74609375
1.9921875
4.7265625
-2.060546875
-4.716796875
2.080078125
4.66796875
-2.138671875
-4.677734375
2.158203125
4.62890625
-2.2265625
-4.638671875
2.24609375
4.58984375
-2.314453125
-4.58984375
2.333984375
4.55078125
-2.40234375
-4.55078125
2.421875
4.51171875
-2.490234375
-4.501953125
2.5
4.453125
-2.578125
-4.453125
2.578125
4.404296875
-2.65625
-4.39453125
2.67578125
4.35546875
-2.744140625
-4.35546875
2.75390625
4.31640625
-2.822265625
-4.287109375
2.83203125
4.248046875
-2.91015625
-4.23828125
2.91015625
4.189453125
-2.978515625
-4.189453125
2.998046875
4.130859375
-3.06640625
-4.140625
3.06640625
4.08203125
-3.134765625
-4.08203125
3.134765625
4.0234375
-3.203125
-4.013671875
3.22265625
3.96484375
-3.28125
-3.955078125
3.291015625
3.896484375
-3.359375
-3.88671875
3.369140625
3.828125
-3.4375
-3.828125
3.4375
3.779296875
-3.49609375
-3.76953125
3.505859375
3.7109375
-3.57421875
-3.701171875
3.57421875
3.642578125
-3.642578125
-3.642578125
3.642578125
3.57421875
-3.701171875
-3.57421875
3.7109375
3.505859375
-3.76953125
-3.49609375
3.779296875
3.4375
-3.837890625
-3.41796875
3.837890625
3.359375
-3.90625
-3.349609375
3.90625
3.291015625
-3.96484375
-3.271484375
3.96484375
3.22265625
-4.033203125
-3.18359375
4.0234375
3.134765625
-4.08203125
-3.125
4.08203125
3.056640625
-4.150390625
-3.046875
4.140625
2.978515625
-4.19921875
-2.958984375
4.19921875
2.900390625
-4.2578125
-2.890625
4.2578125
2.822265625
-4.306640625
-2.8125
4.296875
2.75390625
-4.35546875
-2.734375
4.35546875
2.666015625
-4.404296875
-2.65625
4.39453125
2.578125
-4.453125
-2.568359375
4.453125
2.5
-4.501953125
-2.48046875
4.501953125
2.412109375
-4.55078125
-2.392578125
4.541015625
2.333984375
-4.599609375
-2.3046875
4.58984375
2.236328125
-4.638671875
-2.216796875
4.62890625
2.1484375
-4.6875
-2.1484375
4.66796875
2.080078125
-4.716796875
-2.060546875
4.70703125
1.982421875
-4.755859375
-1.962890625
4.74609375
1.89453125
-4.794921875
-1.875
4.78515625
1.806640625
-4.82421875
-1.77734375
4.814453125
1.708984375
-4.86328125
-1.71875
4.84375
1.611328125
-4.892578125
-1.611328125
4.873046875
1.533203125
-4.921875
-1.513671875
4.90234375
1.4453125
-4.951171875
-1.416015625
4.931640625
1.34765625
-4.970703125
-1.318359375
4.9609375
1.25
-5.0
-1.23046875
4.98046875
1.1328125
-5.01953125
-1.1328125
5.0
1.07421875
-5.0390625
-1.0546875
5.01953125
0.9765625
-5.05859375
-0.95703125
5.0390625
0.8984375
-5.078125
-0.859375
5.05859375
0.78125
-5.087890625
-0.78125
5.068359375
0.68359375
-5.107421875
-0.654296875
5.078125
0.5859375
-5.1171875
-0.576171875
5.087890625
0.498046875
-5.126953125
-0.478515625
5.09765625
0.41015625
-5.13671875
-0.37109375
5.107421875
0.3125
-5.146484375
-0.283203125
5.1171875
0.205078125
-5.146484375
-0.224609375
5.1171875
0.09765625
-5.15625
-0.087890625
5.1171875
0.0
-5.15625
-0.009765625
5.1171875
-0.068359375
-5.15625
0.087890625
5.1171875
-0.166015625
-5.146484375
0.1953125
5.1171875
-0.263671875
-5.13671875
0.302734375
5.107421875
-0.37109375
-5.13671875
0.390625
5.09765625
-0.46875
-5.126953125
0.498046875
5.09765625
-0.56640625
-5.126953125
0.5859375
5.078125
-0.6640625
-5.107421875
0.6640625
5.068359375
-0.751953125
-5.087890625
0.771484375
5.05859375
-0.830078125
-5.078125
0.869140625
5.0390625
-0.9375
-5.05859375
0.966796875
5.01953125
-1.03515625
-5.0390625
1.064453125
5.0
-1.1328125
-5.01953125
1.162109375
4.98046875
-1.23046875
-5.0
1.25
4.9609375
-1.30859375
-4.98046875
1.328125
4.94140625
-1.396484375
-4.951171875
1.435546875
4.912109375
-1.494140625
-4.921875
1.5234375
4.8828125
-1.591796875
-4.892578125
1.62109375
4.853515625
-1.689453125
-4.86328125
1.689453125
4.82421875
-1.767578125
-4.833984375
1.787109375
4.78515625
-1.85546875
-4.794921875
1.875
4.74609375
-1.953125
-4.765625
1.97265625
4.716796875
-2.041015625
-4.7265625
2.060546875
4.66796875
-2.12890625
-4.6875
2.158203125
4.62890625
-2.216796875
-4.638671875
2.24609375
4.599609375
-2.294921875
-4.609375
2.314453125
4.55078125
-2.392578125
-4.560546875
2.40234375
4.501953125
-2.451171875
-4.51171875
2.490234375
4.462890625
-2.548828125
-4.462890625
2.568359375
4.404296875
-2.63671875
-4.4140625
2.63671875
4.35546875
-2.724609375
-4.35546875
2.744140625
4.306640625
-2.8125
-4.31640625
2.8125
4.2578125
-2.880859375
-4.267578125
2.890625
4.19921875
-2.958984375
-4.19921875
2.978515625
4.140625
-3.046875
-4.150390625
3.056640625
4.091796875
-3.125
-4.091796875
3.134765625
4.0234375
-3.232421875
-4.033203125
3.212890625
3.96484375
-3.28125
-3.974609375
3.271484375
3.90625
-3.33984375
-3.916015625
3.349609375
3.84765625
-3.41796875
-3.84765625
3.427734375
3.779296875
-3.486328125
-3.779296875
3.505859375
3.720703125
-3.544921875
-3.7109375
3.57421875
3.65234375
-3.6328125
-3.642578125
3.6328125
3.59375
-3.69140625
-3.583984375
3.701171875
3.515625
-3.759765625
-3.515625
3.759765625
3.447265625
-3.84765625
-3.447265625
3.837890625
3.369140625
-3.88671875
-3.369140625
3.88671875
3.30078125
-3.955078125
-3.291015625
3.955078125
3.22265625
-4.013671875
-3.212890625
4.0234375
3.14453125
-4.072265625
-3.134765625
4.072265625
3.076171875
-4.140625
-3.06640625
4.140625
2.98828125
-4.189453125
-2.978515625
4.189453125
2.919921875
-4.248046875
-2.919921875
4.23828125
2.841796875
-4.296875
-2.83203125
4.296875
2.7734375
-4.345703125
-2.75390625
4.345703125
2.685546875
-4.404296875
-2.666015625
4.384765625
2.59765625
-4.443359375
-2.587890625
4.443359375
2.509765625
-4.501953125
-2.5
4.4921875
2.431640625
-4.541015625
-2.412109375
4.541015625
2.34375
-4.580078125
-2.32421875
4.58984375
2.24609375
-4.638671875
-2.255859375
4.619140625
2.1875
-4.66796875
-2.16796875
4.658203125
2.08984375
-4.70703125
-2.080078125
4.697265625
2.001953125
-4.74609375
-1.982421875
4.74609375
1.904296875
-4.78515625
-1.89453125
4.78515625
1.81640625
-4.814453125
-1.806640625
4.8046875
1.71875
-4.853515625
-1.708984375
4.853515625
1.630859375
-4.892578125
-1.611328125
4.873046875
1.54296875
-4.921875
-1.533203125
4.90234375
1.455078125
-4.94140625
-1.435546875
